0
25
248
35
5
29
55
15
60
34
55
79
36
81
60
74
97
51
98
78
85
106
59
106
87
86
106
59
106
86
77
98
51
97
75
59
82
36
79
55
34
60
15
54
30
4
35
248
25
0
230
9
222
251
228
201
241
197
221
202
176
220
175
196
182
159
205
159
178
171
149
197
150
169
170
149
197
151
170
179
158
205
160
180
197
174
220
177
200
222
196
241
202
226
252
221
8
231
255
26
247
34
5
28
55
15
59
35
54
80
36
81
60
73
98
51
97
79
84
107
59
105
88
85
107
59
105
87
77
98
51
96
76
58
82
36
78
57
33
60
15
54
31
4
35
248
24
1
229
9
222
250
229
200
241
197
221
203
176
220
175
195
183
158
205
160
177
172
149
197
151
168
171
149
197
151
169
180
157
205
161
179
198
173
220
178
199
223
195
240
203
225
253
221
8
232
254
27
247
34
