0.000000000000000000e+00
4.400000000000000000e+01
1.010000000000000000e+02
1.510000000000000000e+02
2.030000000000000000e+02
2.550000000000000000e+02
3.060000000000000000e+02
3.610000000000000000e+02
4.180000000000000000e+02
4.740000000000000000e+02
5.250000000000000000e+02
5.670000000000000000e+02
6.170000000000000000e+02
6.680000000000000000e+02
7.140000000000000000e+02
7.600000000000000000e+02
8.020000000000000000e+02
8.390000000000000000e+02
8.740000000000000000e+02
9.100000000000000000e+02
9.430000000000000000e+02
9.790000000000000000e+02
1.009000000000000000e+03
1.037000000000000000e+03
1.071000000000000000e+03
1.097000000000000000e+03
1.125000000000000000e+03
1.153000000000000000e+03
1.183000000000000000e+03
1.207000000000000000e+03
1.229000000000000000e+03
1.253000000000000000e+03
1.279000000000000000e+03
1.306000000000000000e+03
1.336000000000000000e+03
1.361000000000000000e+03
1.389000000000000000e+03
1.412000000000000000e+03
1.435000000000000000e+03
1.465000000000000000e+03
1.486000000000000000e+03
1.509000000000000000e+03
1.530000000000000000e+03
1.556000000000000000e+03
1.581000000000000000e+03
1.605000000000000000e+03
1.629000000000000000e+03
1.651000000000000000e+03
1.672000000000000000e+03
1.696000000000000000e+03
1.719000000000000000e+03
1.745000000000000000e+03
1.771000000000000000e+03
1.794000000000000000e+03
1.816000000000000000e+03
1.835000000000000000e+03
1.851000000000000000e+03
1.869000000000000000e+03
1.888000000000000000e+03
1.906000000000000000e+03
1.925000000000000000e+03
1.942000000000000000e+03
1.959000000000000000e+03
1.976000000000000000e+03
1.992000000000000000e+03
2.009000000000000000e+03
2.029000000000000000e+03
2.044000000000000000e+03
2.057000000000000000e+03
2.068000000000000000e+03
2.082000000000000000e+03
2.094000000000000000e+03
2.107000000000000000e+03
2.118000000000000000e+03
2.130000000000000000e+03
2.142000000000000000e+03
2.151000000000000000e+03
2.162000000000000000e+03
2.171000000000000000e+03
2.183000000000000000e+03
2.194000000000000000e+03
2.205000000000000000e+03
2.216000000000000000e+03
2.226000000000000000e+03
2.238000000000000000e+03
2.249000000000000000e+03
2.260000000000000000e+03
2.275000000000000000e+03
2.291000000000000000e+03
2.309000000000000000e+03
2.327000000000000000e+03
2.344000000000000000e+03
2.359000000000000000e+03
2.374000000000000000e+03
2.391000000000000000e+03
2.407000000000000000e+03
2.423000000000000000e+03
2.438000000000000000e+03
2.450000000000000000e+03
2.464000000000000000e+03
2.480000000000000000e+03
2.495000000000000000e+03
2.511000000000000000e+03
2.520000000000000000e+03
2.532000000000000000e+03
2.545000000000000000e+03
2.561000000000000000e+03
2.577000000000000000e+03
2.592000000000000000e+03
2.603000000000000000e+03
2.618000000000000000e+03
2.632000000000000000e+03
2.646000000000000000e+03
2.661000000000000000e+03
2.676000000000000000e+03
2.691000000000000000e+03
2.707000000000000000e+03
2.720000000000000000e+03
2.733000000000000000e+03
2.745000000000000000e+03
2.759000000000000000e+03
2.773000000000000000e+03
2.786000000000000000e+03
2.799000000000000000e+03
2.811000000000000000e+03
2.823000000000000000e+03
2.835000000000000000e+03
2.846000000000000000e+03
2.857000000000000000e+03
2.866000000000000000e+03
2.879000000000000000e+03
2.889000000000000000e+03
2.903000000000000000e+03
2.918000000000000000e+03
2.931000000000000000e+03
2.944000000000000000e+03
2.959000000000000000e+03
2.972000000000000000e+03
2.987000000000000000e+03
3.000000000000000000e+03
3.016000000000000000e+03
3.033000000000000000e+03
3.046000000000000000e+03
3.059000000000000000e+03
3.070000000000000000e+03
3.078000000000000000e+03
3.088000000000000000e+03
3.098000000000000000e+03
3.112000000000000000e+03
3.124000000000000000e+03
3.136000000000000000e+03
3.149000000000000000e+03
3.164000000000000000e+03
3.177000000000000000e+03
3.188000000000000000e+03
3.202000000000000000e+03
3.215000000000000000e+03
3.228000000000000000e+03
3.241000000000000000e+03
3.254000000000000000e+03
3.267000000000000000e+03
3.278000000000000000e+03
3.288000000000000000e+03
3.298000000000000000e+03
3.308000000000000000e+03
3.321000000000000000e+03
3.333000000000000000e+03
3.344000000000000000e+03
3.356000000000000000e+03
3.366000000000000000e+03
3.377000000000000000e+03
3.388000000000000000e+03
3.400000000000000000e+03
3.412000000000000000e+03
3.424000000000000000e+03
3.435000000000000000e+03
3.447000000000000000e+03
3.462000000000000000e+03
3.479000000000000000e+03
3.494000000000000000e+03
3.511000000000000000e+03
3.525000000000000000e+03
3.537000000000000000e+03
3.547000000000000000e+03
3.557000000000000000e+03
3.565000000000000000e+03
3.574000000000000000e+03
3.583000000000000000e+03
3.589000000000000000e+03
3.597000000000000000e+03
3.609000000000000000e+03
3.623000000000000000e+03
3.637000000000000000e+03
3.656000000000000000e+03
3.668000000000000000e+03
3.682000000000000000e+03
3.693000000000000000e+03
3.707000000000000000e+03
3.717000000000000000e+03
3.726000000000000000e+03
3.736000000000000000e+03
3.744000000000000000e+03
3.752000000000000000e+03
3.762000000000000000e+03
3.772000000000000000e+03
3.782000000000000000e+03
3.791000000000000000e+03
3.802000000000000000e+03
3.813000000000000000e+03
3.824000000000000000e+03
3.837000000000000000e+03
3.852000000000000000e+03
3.865000000000000000e+03
3.880000000000000000e+03
3.896000000000000000e+03
3.908000000000000000e+03
3.921000000000000000e+03
3.934000000000000000e+03
3.947000000000000000e+03
3.960000000000000000e+03
3.973000000000000000e+03
3.986000000000000000e+03
3.997000000000000000e+03
4.009000000000000000e+03
4.019000000000000000e+03
4.030000000000000000e+03
4.040000000000000000e+03
4.050000000000000000e+03
4.060000000000000000e+03
4.071000000000000000e+03
4.082000000000000000e+03
4.094000000000000000e+03
4.107000000000000000e+03
4.123000000000000000e+03
4.134000000000000000e+03
4.147000000000000000e+03
4.164000000000000000e+03
4.173000000000000000e+03
4.183000000000000000e+03
4.193000000000000000e+03
4.208000000000000000e+03
4.222000000000000000e+03
4.236000000000000000e+03
4.247000000000000000e+03
4.256000000000000000e+03
4.265000000000000000e+03
4.275000000000000000e+03
4.283000000000000000e+03
4.288000000000000000e+03
4.296000000000000000e+03
4.305000000000000000e+03
4.315000000000000000e+03
4.322000000000000000e+03
4.330000000000000000e+03
4.339000000000000000e+03
4.349000000000000000e+03
4.358000000000000000e+03
4.366000000000000000e+03
4.378000000000000000e+03
4.388000000000000000e+03
4.399000000000000000e+03
4.409000000000000000e+03
4.418000000000000000e+03
4.427000000000000000e+03
4.437000000000000000e+03
4.447000000000000000e+03
4.456000000000000000e+03
4.465000000000000000e+03
4.475000000000000000e+03
4.487000000000000000e+03
4.500000000000000000e+03
4.507000000000000000e+03
4.515000000000000000e+03
4.522000000000000000e+03
4.530000000000000000e+03
4.538000000000000000e+03
4.547000000000000000e+03
4.553000000000000000e+03
4.561000000000000000e+03
4.569000000000000000e+03
4.577000000000000000e+03
4.584000000000000000e+03
4.590000000000000000e+03
4.599000000000000000e+03
4.609000000000000000e+03
4.617000000000000000e+03
4.626000000000000000e+03
4.634000000000000000e+03
4.642000000000000000e+03
4.651000000000000000e+03
4.660000000000000000e+03
4.672000000000000000e+03
4.684000000000000000e+03
4.695000000000000000e+03
4.707000000000000000e+03
4.717000000000000000e+03
4.728000000000000000e+03
4.739000000000000000e+03
4.749000000000000000e+03
4.756000000000000000e+03
4.763000000000000000e+03
4.771000000000000000e+03
4.781000000000000000e+03
4.790000000000000000e+03
4.798000000000000000e+03
4.806000000000000000e+03
4.812000000000000000e+03
4.819000000000000000e+03
4.825000000000000000e+03
4.833000000000000000e+03
4.841000000000000000e+03
4.849000000000000000e+03
4.856000000000000000e+03
4.864000000000000000e+03
4.871000000000000000e+03
4.878000000000000000e+03
4.885000000000000000e+03
4.892000000000000000e+03
4.900000000000000000e+03
4.909000000000000000e+03
4.920000000000000000e+03
4.929000000000000000e+03
4.938000000000000000e+03
4.947000000000000000e+03
4.957000000000000000e+03
4.966000000000000000e+03
4.976000000000000000e+03
4.985000000000000000e+03
4.992000000000000000e+03
4.999000000000000000e+03
5.008000000000000000e+03
5.016000000000000000e+03
5.024000000000000000e+03
5.032000000000000000e+03
5.040000000000000000e+03
5.049000000000000000e+03
5.058000000000000000e+03
5.067000000000000000e+03
5.076000000000000000e+03
5.087000000000000000e+03
5.096000000000000000e+03
5.103000000000000000e+03
5.111000000000000000e+03
5.119000000000000000e+03
5.126000000000000000e+03
5.135000000000000000e+03
5.144000000000000000e+03
5.154000000000000000e+03
5.163000000000000000e+03
5.168000000000000000e+03
5.175000000000000000e+03
5.182000000000000000e+03
5.189000000000000000e+03
5.195000000000000000e+03
5.201000000000000000e+03
5.206000000000000000e+03
5.211000000000000000e+03
5.216000000000000000e+03
5.222000000000000000e+03
5.226000000000000000e+03
5.231000000000000000e+03
5.236000000000000000e+03
5.244000000000000000e+03
5.251000000000000000e+03
5.255000000000000000e+03
5.259000000000000000e+03
5.263000000000000000e+03
5.267000000000000000e+03
5.271000000000000000e+03
5.274000000000000000e+03
5.278000000000000000e+03
5.283000000000000000e+03
5.290000000000000000e+03
5.295000000000000000e+03
5.301000000000000000e+03
5.309000000000000000e+03
5.315000000000000000e+03
5.321000000000000000e+03
5.327000000000000000e+03
5.334000000000000000e+03
5.339000000000000000e+03
5.344000000000000000e+03
5.352000000000000000e+03
5.359000000000000000e+03
5.364000000000000000e+03
5.370000000000000000e+03
5.378000000000000000e+03
5.384000000000000000e+03
5.389000000000000000e+03
5.394000000000000000e+03
5.398000000000000000e+03
5.404000000000000000e+03
5.410000000000000000e+03
5.416000000000000000e+03
5.422000000000000000e+03
5.426000000000000000e+03
5.430000000000000000e+03
5.435000000000000000e+03
5.443000000000000000e+03
5.449000000000000000e+03
5.455000000000000000e+03
5.461000000000000000e+03
5.470000000000000000e+03
5.478000000000000000e+03
5.486000000000000000e+03
5.494000000000000000e+03
5.505000000000000000e+03
5.511000000000000000e+03
5.520000000000000000e+03
5.526000000000000000e+03
5.536000000000000000e+03
5.545000000000000000e+03
5.556000000000000000e+03
5.562000000000000000e+03
5.568000000000000000e+03
5.572000000000000000e+03
5.576000000000000000e+03
5.581000000000000000e+03
5.586000000000000000e+03
5.591000000000000000e+03
5.599000000000000000e+03
5.605000000000000000e+03
5.614000000000000000e+03
5.621000000000000000e+03
5.628000000000000000e+03
5.637000000000000000e+03
5.646000000000000000e+03
5.656000000000000000e+03
5.666000000000000000e+03
5.674000000000000000e+03
5.683000000000000000e+03
5.691000000000000000e+03
5.699000000000000000e+03
5.707000000000000000e+03
5.719000000000000000e+03
5.726000000000000000e+03
5.733000000000000000e+03
5.739000000000000000e+03
5.746000000000000000e+03
5.752000000000000000e+03
5.758000000000000000e+03
5.764000000000000000e+03
5.771000000000000000e+03
5.779000000000000000e+03
5.784000000000000000e+03
5.791000000000000000e+03
5.798000000000000000e+03
5.803000000000000000e+03
5.809000000000000000e+03
5.816000000000000000e+03
5.822000000000000000e+03
5.826000000000000000e+03
5.831000000000000000e+03
5.839000000000000000e+03
5.845000000000000000e+03
5.851000000000000000e+03
5.859000000000000000e+03
5.865000000000000000e+03
5.872000000000000000e+03
5.880000000000000000e+03
5.887000000000000000e+03
5.896000000000000000e+03
5.908000000000000000e+03
5.916000000000000000e+03
5.924000000000000000e+03
5.932000000000000000e+03
5.942000000000000000e+03
5.950000000000000000e+03
5.958000000000000000e+03
5.965000000000000000e+03
5.972000000000000000e+03
5.979000000000000000e+03
5.986000000000000000e+03
5.996000000000000000e+03
6.004000000000000000e+03
6.013000000000000000e+03
6.024000000000000000e+03
6.028000000000000000e+03
6.033000000000000000e+03
6.038000000000000000e+03
6.044000000000000000e+03
6.048000000000000000e+03
6.052000000000000000e+03
6.057000000000000000e+03
6.062000000000000000e+03
6.066000000000000000e+03
6.069000000000000000e+03
6.074000000000000000e+03
6.079000000000000000e+03
6.084000000000000000e+03
6.090000000000000000e+03
6.094000000000000000e+03
6.098000000000000000e+03
6.103000000000000000e+03
6.110000000000000000e+03
6.115000000000000000e+03
6.120000000000000000e+03
6.125000000000000000e+03
6.132000000000000000e+03
6.137000000000000000e+03
6.141000000000000000e+03
6.146000000000000000e+03
6.151000000000000000e+03
6.156000000000000000e+03
6.162000000000000000e+03
6.166000000000000000e+03
6.171000000000000000e+03
6.179000000000000000e+03
6.188000000000000000e+03
6.197000000000000000e+03
6.207000000000000000e+03
6.217000000000000000e+03
6.228000000000000000e+03
6.236000000000000000e+03
6.246000000000000000e+03
6.255000000000000000e+03
6.264000000000000000e+03
6.273000000000000000e+03
6.286000000000000000e+03
6.293000000000000000e+03
6.301000000000000000e+03
6.310000000000000000e+03
6.315000000000000000e+03
6.320000000000000000e+03
6.329000000000000000e+03
6.336000000000000000e+03
6.343000000000000000e+03
6.351000000000000000e+03
6.356000000000000000e+03
6.361000000000000000e+03
6.365000000000000000e+03
6.369000000000000000e+03
6.375000000000000000e+03
6.379000000000000000e+03
6.384000000000000000e+03
6.390000000000000000e+03
6.397000000000000000e+03
6.404000000000000000e+03
6.410000000000000000e+03
6.417000000000000000e+03
6.426000000000000000e+03
6.434000000000000000e+03
6.441000000000000000e+03
6.448000000000000000e+03
6.455000000000000000e+03
6.462000000000000000e+03
6.470000000000000000e+03
6.476000000000000000e+03
6.485000000000000000e+03
6.494000000000000000e+03
6.506000000000000000e+03
6.513000000000000000e+03
6.521000000000000000e+03
6.529000000000000000e+03
6.537000000000000000e+03
6.547000000000000000e+03
6.556000000000000000e+03
6.565000000000000000e+03
6.572000000000000000e+03
6.580000000000000000e+03
6.591000000000000000e+03
6.597000000000000000e+03
6.606000000000000000e+03
6.613000000000000000e+03
6.621000000000000000e+03
6.629000000000000000e+03
6.636000000000000000e+03
6.643000000000000000e+03
6.651000000000000000e+03
6.659000000000000000e+03
6.665000000000000000e+03
6.673000000000000000e+03
6.682000000000000000e+03
6.689000000000000000e+03
6.698000000000000000e+03
6.707000000000000000e+03
6.714000000000000000e+03
6.720000000000000000e+03
6.728000000000000000e+03
6.734000000000000000e+03
6.738000000000000000e+03
6.742000000000000000e+03
6.746000000000000000e+03
6.750000000000000000e+03
6.756000000000000000e+03
6.760000000000000000e+03
6.765000000000000000e+03
6.771000000000000000e+03
6.778000000000000000e+03
6.783000000000000000e+03
6.791000000000000000e+03
6.798000000000000000e+03
6.807000000000000000e+03
6.817000000000000000e+03
6.827000000000000000e+03
6.835000000000000000e+03
6.844000000000000000e+03
6.856000000000000000e+03
6.865000000000000000e+03
6.874000000000000000e+03
6.883000000000000000e+03
6.893000000000000000e+03
6.904000000000000000e+03
6.912000000000000000e+03
6.921000000000000000e+03
6.930000000000000000e+03
6.941000000000000000e+03
6.951000000000000000e+03
6.960000000000000000e+03
6.969000000000000000e+03
6.979000000000000000e+03
6.990000000000000000e+03
6.998000000000000000e+03
7.007000000000000000e+03
7.015000000000000000e+03
7.023000000000000000e+03
7.031000000000000000e+03
7.036000000000000000e+03
7.043000000000000000e+03
7.050000000000000000e+03
7.057000000000000000e+03
7.066000000000000000e+03
7.074000000000000000e+03
7.081000000000000000e+03
7.087000000000000000e+03
7.091000000000000000e+03
7.095000000000000000e+03
7.101000000000000000e+03
7.108000000000000000e+03
7.113000000000000000e+03
7.119000000000000000e+03
7.127000000000000000e+03
7.135000000000000000e+03
7.142000000000000000e+03
7.151000000000000000e+03
7.158000000000000000e+03
7.166000000000000000e+03
7.172000000000000000e+03
7.178000000000000000e+03
7.184000000000000000e+03
7.189000000000000000e+03
7.194000000000000000e+03
7.200000000000000000e+03
7.206000000000000000e+03
7.214000000000000000e+03
7.219000000000000000e+03
7.225000000000000000e+03
7.231000000000000000e+03
7.237000000000000000e+03
7.244000000000000000e+03
7.251000000000000000e+03
7.261000000000000000e+03
7.267000000000000000e+03
7.273000000000000000e+03
7.279000000000000000e+03
7.286000000000000000e+03
7.293000000000000000e+03
7.301000000000000000e+03
7.310000000000000000e+03
7.317000000000000000e+03
7.324000000000000000e+03
7.331000000000000000e+03
7.341000000000000000e+03
7.350000000000000000e+03
7.359000000000000000e+03
7.368000000000000000e+03
7.377000000000000000e+03
7.386000000000000000e+03
7.395000000000000000e+03
7.401000000000000000e+03
7.408000000000000000e+03
7.413000000000000000e+03
7.418000000000000000e+03
7.423000000000000000e+03
7.430000000000000000e+03
7.442000000000000000e+03
7.453000000000000000e+03
7.458000000000000000e+03
7.463000000000000000e+03
7.469000000000000000e+03
7.476000000000000000e+03
7.483000000000000000e+03
7.490000000000000000e+03
7.497000000000000000e+03
7.504000000000000000e+03
7.511000000000000000e+03
7.519000000000000000e+03
7.525000000000000000e+03
7.533000000000000000e+03
7.541000000000000000e+03
7.550000000000000000e+03
7.557000000000000000e+03
7.563000000000000000e+03
7.570000000000000000e+03
7.576000000000000000e+03
7.582000000000000000e+03
7.587000000000000000e+03
7.593000000000000000e+03
7.599000000000000000e+03
7.605000000000000000e+03
7.611000000000000000e+03
7.616000000000000000e+03
7.622000000000000000e+03
7.628000000000000000e+03
7.634000000000000000e+03
7.641000000000000000e+03
7.647000000000000000e+03
7.656000000000000000e+03
7.663000000000000000e+03
7.670000000000000000e+03
7.679000000000000000e+03
7.685000000000000000e+03
7.691000000000000000e+03
7.698000000000000000e+03
7.706000000000000000e+03
7.713000000000000000e+03
7.720000000000000000e+03
7.728000000000000000e+03
7.738000000000000000e+03
7.746000000000000000e+03
7.752000000000000000e+03
7.759000000000000000e+03
7.767000000000000000e+03
7.774000000000000000e+03
7.779000000000000000e+03
7.784000000000000000e+03
7.791000000000000000e+03
7.797000000000000000e+03
7.805000000000000000e+03
7.812000000000000000e+03
7.822000000000000000e+03
7.831000000000000000e+03
7.841000000000000000e+03
7.851000000000000000e+03
7.862000000000000000e+03
7.874000000000000000e+03
7.884000000000000000e+03
7.893000000000000000e+03
7.902000000000000000e+03
7.911000000000000000e+03
7.921000000000000000e+03
7.930000000000000000e+03
7.940000000000000000e+03
7.946000000000000000e+03
7.952000000000000000e+03
7.959000000000000000e+03
7.967000000000000000e+03
7.973000000000000000e+03
7.980000000000000000e+03
7.986000000000000000e+03
7.991000000000000000e+03
7.998000000000000000e+03
8.002000000000000000e+03
8.007000000000000000e+03
8.010000000000000000e+03
8.014000000000000000e+03
8.018000000000000000e+03
8.024000000000000000e+03
8.030000000000000000e+03
8.035000000000000000e+03
8.042000000000000000e+03
8.047000000000000000e+03
8.052000000000000000e+03
8.057000000000000000e+03
8.063000000000000000e+03
8.070000000000000000e+03
8.078000000000000000e+03
8.087000000000000000e+03
8.095000000000000000e+03
8.102000000000000000e+03
8.110000000000000000e+03
8.117000000000000000e+03
8.126000000000000000e+03
8.135000000000000000e+03
8.147000000000000000e+03
8.155000000000000000e+03
8.163000000000000000e+03
8.170000000000000000e+03
8.177000000000000000e+03
8.184000000000000000e+03
8.191000000000000000e+03
8.198000000000000000e+03
8.205000000000000000e+03
8.212000000000000000e+03
8.220000000000000000e+03
8.229000000000000000e+03
8.236000000000000000e+03
8.244000000000000000e+03
8.250000000000000000e+03
8.255000000000000000e+03
8.260000000000000000e+03
8.265000000000000000e+03
8.271000000000000000e+03
8.276000000000000000e+03
8.283000000000000000e+03
8.291000000000000000e+03
8.300000000000000000e+03
8.307000000000000000e+03
8.314000000000000000e+03
8.320000000000000000e+03
8.327000000000000000e+03
8.335000000000000000e+03
8.345000000000000000e+03
8.351000000000000000e+03
8.357000000000000000e+03
8.362000000000000000e+03
8.369000000000000000e+03
8.374000000000000000e+03
8.378000000000000000e+03
8.382000000000000000e+03
8.386000000000000000e+03
8.391000000000000000e+03
8.397000000000000000e+03
8.402000000000000000e+03
8.410000000000000000e+03
8.417000000000000000e+03
8.426000000000000000e+03
8.434000000000000000e+03
8.443000000000000000e+03
8.452000000000000000e+03
8.463000000000000000e+03
8.473000000000000000e+03
8.481000000000000000e+03
8.489000000000000000e+03
8.497000000000000000e+03
8.505000000000000000e+03
8.516000000000000000e+03
8.525000000000000000e+03
8.533000000000000000e+03
8.541000000000000000e+03
8.553000000000000000e+03
8.559000000000000000e+03
8.565000000000000000e+03
8.571000000000000000e+03
8.577000000000000000e+03
8.583000000000000000e+03
8.589000000000000000e+03
8.596000000000000000e+03
8.604000000000000000e+03
8.612000000000000000e+03
8.618000000000000000e+03
8.625000000000000000e+03
8.636000000000000000e+03
8.642000000000000000e+03
8.649000000000000000e+03
8.657000000000000000e+03
8.664000000000000000e+03
8.671000000000000000e+03
8.677000000000000000e+03
8.682000000000000000e+03
8.687000000000000000e+03
8.693000000000000000e+03
8.699000000000000000e+03
8.707000000000000000e+03
8.713000000000000000e+03
8.717000000000000000e+03
8.722000000000000000e+03
8.727000000000000000e+03
8.734000000000000000e+03
8.739000000000000000e+03
8.743000000000000000e+03
8.749000000000000000e+03
8.756000000000000000e+03
8.764000000000000000e+03
8.772000000000000000e+03
8.779000000000000000e+03
8.786000000000000000e+03
8.792000000000000000e+03
8.798000000000000000e+03
8.803000000000000000e+03
8.810000000000000000e+03
8.817000000000000000e+03
8.824000000000000000e+03
8.833000000000000000e+03
8.839000000000000000e+03
8.845000000000000000e+03
8.851000000000000000e+03
8.857000000000000000e+03
8.863000000000000000e+03
8.870000000000000000e+03
8.877000000000000000e+03
8.885000000000000000e+03
8.895000000000000000e+03
8.904000000000000000e+03
8.913000000000000000e+03
8.923000000000000000e+03
8.937000000000000000e+03
8.945000000000000000e+03
8.953000000000000000e+03
8.961000000000000000e+03
8.970000000000000000e+03
8.979000000000000000e+03
8.985000000000000000e+03
8.992000000000000000e+03
8.998000000000000000e+03
9.004000000000000000e+03
9.011000000000000000e+03
9.015000000000000000e+03
9.022000000000000000e+03
9.027000000000000000e+03
9.033000000000000000e+03
9.040000000000000000e+03
9.047000000000000000e+03
9.053000000000000000e+03
9.061000000000000000e+03
9.070000000000000000e+03
9.077000000000000000e+03
9.084000000000000000e+03
9.092000000000000000e+03
9.103000000000000000e+03
9.115000000000000000e+03
9.122000000000000000e+03
9.130000000000000000e+03
9.136000000000000000e+03
9.143000000000000000e+03
9.148000000000000000e+03
9.154000000000000000e+03
9.160000000000000000e+03
9.167000000000000000e+03
9.172000000000000000e+03
9.176000000000000000e+03
9.180000000000000000e+03
9.185000000000000000e+03
9.190000000000000000e+03
9.196000000000000000e+03
9.199000000000000000e+03
9.205000000000000000e+03
9.211000000000000000e+03
9.217000000000000000e+03
9.225000000000000000e+03
9.233000000000000000e+03
9.242000000000000000e+03
9.249000000000000000e+03
9.256000000000000000e+03
9.262000000000000000e+03
9.269000000000000000e+03
9.276000000000000000e+03
9.283000000000000000e+03
9.291000000000000000e+03
9.300000000000000000e+03
9.306000000000000000e+03
9.311000000000000000e+03
9.319000000000000000e+03
9.326000000000000000e+03
9.333000000000000000e+03
9.340000000000000000e+03
9.347000000000000000e+03
9.353000000000000000e+03
9.362000000000000000e+03
9.370000000000000000e+03
9.376000000000000000e+03
9.383000000000000000e+03
9.391000000000000000e+03
9.393000000000000000e+03
9.399000000000000000e+03
9.403000000000000000e+03
9.408000000000000000e+03
9.413000000000000000e+03
9.418000000000000000e+03
9.423000000000000000e+03
9.428000000000000000e+03
9.433000000000000000e+03
9.438000000000000000e+03
9.447000000000000000e+03
9.456000000000000000e+03
9.464000000000000000e+03
9.473000000000000000e+03
9.480000000000000000e+03
9.488000000000000000e+03
9.492000000000000000e+03
9.498000000000000000e+03
9.504000000000000000e+03
9.510000000000000000e+03
9.515000000000000000e+03
9.521000000000000000e+03
9.527000000000000000e+03
9.535000000000000000e+03
9.541000000000000000e+03
9.546000000000000000e+03
9.551000000000000000e+03
9.558000000000000000e+03
9.565000000000000000e+03
9.574000000000000000e+03
9.583000000000000000e+03
9.592000000000000000e+03
9.602000000000000000e+03
9.612000000000000000e+03
9.620000000000000000e+03
9.629000000000000000e+03
9.636000000000000000e+03
9.643000000000000000e+03
9.651000000000000000e+03
9.658000000000000000e+03
9.665000000000000000e+03
9.674000000000000000e+03
9.679000000000000000e+03
9.684000000000000000e+03
9.690000000000000000e+03
9.697000000000000000e+03
9.702000000000000000e+03
9.707000000000000000e+03
9.712000000000000000e+03
9.718000000000000000e+03
9.725000000000000000e+03
9.732000000000000000e+03
9.737000000000000000e+03
9.740000000000000000e+03
9.745000000000000000e+03
9.749000000000000000e+03
9.752000000000000000e+03
9.756000000000000000e+03
9.760000000000000000e+03
9.764000000000000000e+03
9.769000000000000000e+03
9.773000000000000000e+03
9.778000000000000000e+03
9.783000000000000000e+03
9.788000000000000000e+03
9.793000000000000000e+03
9.800000000000000000e+03
9.807000000000000000e+03
9.816000000000000000e+03
9.824000000000000000e+03
9.830000000000000000e+03
9.837000000000000000e+03
9.844000000000000000e+03
9.852000000000000000e+03
9.857000000000000000e+03
9.863000000000000000e+03
9.870000000000000000e+03
9.878000000000000000e+03
9.884000000000000000e+03
9.889000000000000000e+03
9.894000000000000000e+03
9.899000000000000000e+03
9.903000000000000000e+03
9.909000000000000000e+03
9.915000000000000000e+03
9.923000000000000000e+03
9.932000000000000000e+03
9.942000000000000000e+03
9.952000000000000000e+03
9.963000000000000000e+03
9.974000000000000000e+03
9.985000000000000000e+03
9.995000000000000000e+03
1.000600000000000000e+04
1.001600000000000000e+04
1.002600000000000000e+04
1.003600000000000000e+04
1.004700000000000000e+04
1.005600000000000000e+04
1.006500000000000000e+04
1.007400000000000000e+04
1.008400000000000000e+04
1.009200000000000000e+04
1.010000000000000000e+04
1.010700000000000000e+04
1.011800000000000000e+04
1.012600000000000000e+04
1.013300000000000000e+04
1.013900000000000000e+04
1.014600000000000000e+04
1.015100000000000000e+04
1.015600000000000000e+04
1.016100000000000000e+04
1.016800000000000000e+04
1.017500000000000000e+04
1.018100000000000000e+04
1.018600000000000000e+04
1.019100000000000000e+04
1.019600000000000000e+04
1.020100000000000000e+04
1.020700000000000000e+04
1.021300000000000000e+04
1.022000000000000000e+04
1.022800000000000000e+04
1.023600000000000000e+04
1.024500000000000000e+04
1.025000000000000000e+04
1.025800000000000000e+04
1.026700000000000000e+04
1.027800000000000000e+04
1.028600000000000000e+04
1.029300000000000000e+04
1.030100000000000000e+04
1.030800000000000000e+04
1.031500000000000000e+04
1.032200000000000000e+04
1.032700000000000000e+04
1.033300000000000000e+04
1.033700000000000000e+04
1.034200000000000000e+04
1.034600000000000000e+04
1.035400000000000000e+04
1.036200000000000000e+04
1.036900000000000000e+04
1.037500000000000000e+04
1.038200000000000000e+04
1.038900000000000000e+04
1.039500000000000000e+04
1.040100000000000000e+04
1.040900000000000000e+04
1.041600000000000000e+04
1.042400000000000000e+04
1.042900000000000000e+04
1.043400000000000000e+04
1.044000000000000000e+04
1.044800000000000000e+04
1.045400000000000000e+04
1.046100000000000000e+04
1.046900000000000000e+04
1.047500000000000000e+04
1.048200000000000000e+04
1.048900000000000000e+04
1.049700000000000000e+04
1.050400000000000000e+04
1.051200000000000000e+04
1.051800000000000000e+04
1.052400000000000000e+04
1.053200000000000000e+04
1.053600000000000000e+04
1.054300000000000000e+04
1.055000000000000000e+04
1.055800000000000000e+04
1.056600000000000000e+04
1.057300000000000000e+04
1.057900000000000000e+04
1.058500000000000000e+04
1.059100000000000000e+04
1.059700000000000000e+04
1.060400000000000000e+04
1.061100000000000000e+04
1.061800000000000000e+04
1.062600000000000000e+04
1.063200000000000000e+04
1.063800000000000000e+04
1.064400000000000000e+04
1.065200000000000000e+04
1.065700000000000000e+04
1.066200000000000000e+04
1.066700000000000000e+04
1.067300000000000000e+04
1.067900000000000000e+04
1.068500000000000000e+04
1.068800000000000000e+04
1.069200000000000000e+04
1.069500000000000000e+04
1.069900000000000000e+04
1.070400000000000000e+04
1.071000000000000000e+04
1.071600000000000000e+04
1.072300000000000000e+04
1.073000000000000000e+04
1.073700000000000000e+04
1.074400000000000000e+04
1.075200000000000000e+04
1.075900000000000000e+04
1.076600000000000000e+04
1.077500000000000000e+04
1.078100000000000000e+04
1.078600000000000000e+04
1.079400000000000000e+04
1.080200000000000000e+04
1.081200000000000000e+04
1.082100000000000000e+04
1.083200000000000000e+04
1.083700000000000000e+04
1.084500000000000000e+04
1.085400000000000000e+04
1.086400000000000000e+04
1.087100000000000000e+04
1.087800000000000000e+04
1.088500000000000000e+04
1.089300000000000000e+04
1.090000000000000000e+04
1.090700000000000000e+04
1.091200000000000000e+04
1.091800000000000000e+04
1.092400000000000000e+04
1.093000000000000000e+04
1.093600000000000000e+04
1.094200000000000000e+04
1.094800000000000000e+04
1.095400000000000000e+04
1.096100000000000000e+04
1.096800000000000000e+04
1.097800000000000000e+04
1.098400000000000000e+04
1.098900000000000000e+04
1.099500000000000000e+04
1.100200000000000000e+04
1.100700000000000000e+04
1.101200000000000000e+04
1.101900000000000000e+04
1.102400000000000000e+04
1.102900000000000000e+04
1.103400000000000000e+04
1.103800000000000000e+04
1.104300000000000000e+04
1.104800000000000000e+04
1.105400000000000000e+04
1.105800000000000000e+04
1.106300000000000000e+04
1.107000000000000000e+04
1.107500000000000000e+04
1.108200000000000000e+04
1.108900000000000000e+04
1.109700000000000000e+04
1.110500000000000000e+04
1.111300000000000000e+04
1.112000000000000000e+04
1.112800000000000000e+04
1.113700000000000000e+04
1.114600000000000000e+04
1.115600000000000000e+04
1.116900000000000000e+04
1.118100000000000000e+04
1.119300000000000000e+04
1.120400000000000000e+04
1.121500000000000000e+04
1.122600000000000000e+04
1.123900000000000000e+04
1.124700000000000000e+04
1.125400000000000000e+04
1.126400000000000000e+04
1.127100000000000000e+04
1.127900000000000000e+04
1.128500000000000000e+04
1.129100000000000000e+04
1.129900000000000000e+04
1.130600000000000000e+04
1.131100000000000000e+04
1.131600000000000000e+04
1.132400000000000000e+04
1.133100000000000000e+04
1.134000000000000000e+04
1.134700000000000000e+04
1.135300000000000000e+04
1.136000000000000000e+04
1.136700000000000000e+04
1.137300000000000000e+04
1.137900000000000000e+04
1.138600000000000000e+04
1.139400000000000000e+04
1.140400000000000000e+04
1.141300000000000000e+04
1.142000000000000000e+04
1.142800000000000000e+04
1.143600000000000000e+04
1.144600000000000000e+04
1.145400000000000000e+04
1.146400000000000000e+04
1.147400000000000000e+04
1.148400000000000000e+04
1.149200000000000000e+04
1.149900000000000000e+04
1.150700000000000000e+04
1.151500000000000000e+04
1.152300000000000000e+04
1.153200000000000000e+04
1.153900000000000000e+04
1.154700000000000000e+04
1.155600000000000000e+04
1.156700000000000000e+04
1.157600000000000000e+04
1.158600000000000000e+04
1.159500000000000000e+04
1.160300000000000000e+04
1.161000000000000000e+04
1.161700000000000000e+04
1.162500000000000000e+04
1.163300000000000000e+04
1.164200000000000000e+04
1.165100000000000000e+04
1.166000000000000000e+04
1.167000000000000000e+04
1.167900000000000000e+04
1.169100000000000000e+04
1.170000000000000000e+04
1.170900000000000000e+04
1.171600000000000000e+04
1.172400000000000000e+04
1.173200000000000000e+04
1.174000000000000000e+04
1.174800000000000000e+04
1.175600000000000000e+04
1.176600000000000000e+04
1.177500000000000000e+04
1.178100000000000000e+04
1.178900000000000000e+04
1.179700000000000000e+04
1.180600000000000000e+04
1.181500000000000000e+04
1.182300000000000000e+04
1.183300000000000000e+04
1.184200000000000000e+04
1.185300000000000000e+04
1.186300000000000000e+04
1.187400000000000000e+04
1.188500000000000000e+04
1.189500000000000000e+04
1.190500000000000000e+04
1.191400000000000000e+04
1.192100000000000000e+04
1.192800000000000000e+04
1.193700000000000000e+04
1.194400000000000000e+04
1.195100000000000000e+04
1.195800000000000000e+04
1.196500000000000000e+04
1.197200000000000000e+04
1.197700000000000000e+04
1.198300000000000000e+04
1.198700000000000000e+04
1.199200000000000000e+04
1.199600000000000000e+04
1.200000000000000000e+04
1.200500000000000000e+04
1.201000000000000000e+04
1.201600000000000000e+04
1.202000000000000000e+04
1.202700000000000000e+04
1.203200000000000000e+04
1.203700000000000000e+04
1.204200000000000000e+04
1.204700000000000000e+04
1.205500000000000000e+04
1.206300000000000000e+04
1.207100000000000000e+04
1.208000000000000000e+04
1.208800000000000000e+04
1.209800000000000000e+04
1.210800000000000000e+04
1.211800000000000000e+04
1.212800000000000000e+04
1.213500000000000000e+04
1.214100000000000000e+04
1.214600000000000000e+04
1.215200000000000000e+04
1.215700000000000000e+04
1.216200000000000000e+04
1.216900000000000000e+04
1.217400000000000000e+04
1.218100000000000000e+04
1.218500000000000000e+04
1.219000000000000000e+04
1.219500000000000000e+04
1.219900000000000000e+04
1.220400000000000000e+04
1.220900000000000000e+04
1.221400000000000000e+04
1.222000000000000000e+04
1.222600000000000000e+04
1.223200000000000000e+04
1.223700000000000000e+04
1.224300000000000000e+04
1.225000000000000000e+04
1.225700000000000000e+04
1.226500000000000000e+04
1.227000000000000000e+04
1.227700000000000000e+04
1.228600000000000000e+04
1.229300000000000000e+04
1.230000000000000000e+04
1.230800000000000000e+04
1.231600000000000000e+04
1.232400000000000000e+04
1.233100000000000000e+04
1.233700000000000000e+04
1.234500000000000000e+04
1.235100000000000000e+04
1.235800000000000000e+04
1.236300000000000000e+04
1.237100000000000000e+04
1.237700000000000000e+04
1.238300000000000000e+04
1.239000000000000000e+04
1.239800000000000000e+04
1.240600000000000000e+04
1.241400000000000000e+04
1.242300000000000000e+04
1.243400000000000000e+04
1.244300000000000000e+04
1.245300000000000000e+04
1.246100000000000000e+04
1.247000000000000000e+04
1.247700000000000000e+04
1.248600000000000000e+04
1.249300000000000000e+04
1.250000000000000000e+04
1.250700000000000000e+04
1.251200000000000000e+04
1.251800000000000000e+04
1.252400000000000000e+04
1.252900000000000000e+04
1.253400000000000000e+04
1.253900000000000000e+04
1.254400000000000000e+04
1.254900000000000000e+04
1.255400000000000000e+04
1.255900000000000000e+04
1.256600000000000000e+04
1.257500000000000000e+04
1.258400000000000000e+04
1.259000000000000000e+04
1.259600000000000000e+04
1.260200000000000000e+04
1.260800000000000000e+04
1.261300000000000000e+04
1.261900000000000000e+04
1.262600000000000000e+04
1.263300000000000000e+04
1.264000000000000000e+04
1.264900000000000000e+04
1.265600000000000000e+04
1.266400000000000000e+04
1.267300000000000000e+04
1.268300000000000000e+04
1.269100000000000000e+04
1.269900000000000000e+04
1.270800000000000000e+04
1.271700000000000000e+04
1.272800000000000000e+04
1.273800000000000000e+04
1.274700000000000000e+04
1.275500000000000000e+04
1.276300000000000000e+04
1.277200000000000000e+04
1.278100000000000000e+04
1.278900000000000000e+04
1.279600000000000000e+04
1.280200000000000000e+04
1.280800000000000000e+04
1.281600000000000000e+04
1.282200000000000000e+04
1.282900000000000000e+04
1.283400000000000000e+04
1.283900000000000000e+04
1.284500000000000000e+04
1.285100000000000000e+04
1.285700000000000000e+04
1.286300000000000000e+04
1.286900000000000000e+04
1.287500000000000000e+04
1.288100000000000000e+04
1.288900000000000000e+04
1.289500000000000000e+04
1.290200000000000000e+04
1.291000000000000000e+04
1.291900000000000000e+04
1.292700000000000000e+04
1.293500000000000000e+04
1.294000000000000000e+04
1.294600000000000000e+04
1.295300000000000000e+04
1.296200000000000000e+04
1.296900000000000000e+04
1.297500000000000000e+04
1.298100000000000000e+04
1.298700000000000000e+04
1.299400000000000000e+04
1.300100000000000000e+04
1.300900000000000000e+04
1.301700000000000000e+04
1.302500000000000000e+04
1.303400000000000000e+04
1.304200000000000000e+04
1.305200000000000000e+04
1.306200000000000000e+04
1.306900000000000000e+04
1.307600000000000000e+04
1.308300000000000000e+04
1.309200000000000000e+04
1.310200000000000000e+04
1.310900000000000000e+04
1.311700000000000000e+04
1.312500000000000000e+04
1.313300000000000000e+04
1.314200000000000000e+04
1.315000000000000000e+04
1.315800000000000000e+04
1.316700000000000000e+04
1.317500000000000000e+04
1.318700000000000000e+04
1.319400000000000000e+04
1.320400000000000000e+04
1.321400000000000000e+04
1.322500000000000000e+04
1.323700000000000000e+04
1.324800000000000000e+04
1.325800000000000000e+04
1.326600000000000000e+04
1.327400000000000000e+04
1.328300000000000000e+04
1.329000000000000000e+04
1.329700000000000000e+04
1.330200000000000000e+04
1.330800000000000000e+04
1.331700000000000000e+04
1.332500000000000000e+04
1.333100000000000000e+04
1.333800000000000000e+04
1.334300000000000000e+04
1.334800000000000000e+04
1.335200000000000000e+04
1.335700000000000000e+04
1.336200000000000000e+04
1.336600000000000000e+04
1.337000000000000000e+04
1.337400000000000000e+04
1.337600000000000000e+04
1.337800000000000000e+04
1.338400000000000000e+04
1.339000000000000000e+04
1.339500000000000000e+04
1.340000000000000000e+04
1.340500000000000000e+04
1.341000000000000000e+04
1.341400000000000000e+04
1.341900000000000000e+04
1.342400000000000000e+04
1.342900000000000000e+04
1.343700000000000000e+04
1.344600000000000000e+04
1.345100000000000000e+04
1.345600000000000000e+04
1.346300000000000000e+04
1.346900000000000000e+04
1.347600000000000000e+04
1.348500000000000000e+04
1.349200000000000000e+04
1.350000000000000000e+04
1.350800000000000000e+04
1.351600000000000000e+04
1.352600000000000000e+04
1.353200000000000000e+04
1.353800000000000000e+04
1.354400000000000000e+04
1.354900000000000000e+04
1.355200000000000000e+04
1.355700000000000000e+04
1.356400000000000000e+04
1.357100000000000000e+04
1.357800000000000000e+04
1.358500000000000000e+04
1.359300000000000000e+04
1.360200000000000000e+04
1.360800000000000000e+04
1.361400000000000000e+04
1.362000000000000000e+04
1.362900000000000000e+04
1.363600000000000000e+04
1.364200000000000000e+04
1.364800000000000000e+04
1.365700000000000000e+04
1.366500000000000000e+04
1.367100000000000000e+04
1.367800000000000000e+04
1.368300000000000000e+04
1.368800000000000000e+04
1.369500000000000000e+04
1.370300000000000000e+04
1.371000000000000000e+04
1.371700000000000000e+04
1.372400000000000000e+04
1.373000000000000000e+04
1.373500000000000000e+04
1.373800000000000000e+04
1.374300000000000000e+04
1.374900000000000000e+04
1.375500000000000000e+04
1.376100000000000000e+04
1.376700000000000000e+04
1.377300000000000000e+04
1.377900000000000000e+04
1.378500000000000000e+04
1.379100000000000000e+04
1.379700000000000000e+04
1.380400000000000000e+04
1.381100000000000000e+04
1.381600000000000000e+04
1.382100000000000000e+04
1.382800000000000000e+04
1.383500000000000000e+04
1.384200000000000000e+04
1.384900000000000000e+04
1.385600000000000000e+04
1.386500000000000000e+04
1.387300000000000000e+04
1.388200000000000000e+04
1.388900000000000000e+04
1.389500000000000000e+04
1.390100000000000000e+04
1.390700000000000000e+04
1.391300000000000000e+04
1.391700000000000000e+04
1.392300000000000000e+04
1.393200000000000000e+04
1.394100000000000000e+04
1.395000000000000000e+04
1.396000000000000000e+04
1.396700000000000000e+04
1.397500000000000000e+04
1.398200000000000000e+04
1.398900000000000000e+04
1.399600000000000000e+04
1.400300000000000000e+04
1.400900000000000000e+04
1.401300000000000000e+04
1.401700000000000000e+04
1.402300000000000000e+04
1.403000000000000000e+04
1.403800000000000000e+04
1.404600000000000000e+04
1.405100000000000000e+04
1.405600000000000000e+04
1.406000000000000000e+04
1.406500000000000000e+04
1.407100000000000000e+04
1.407600000000000000e+04
1.408100000000000000e+04
1.408600000000000000e+04
1.408900000000000000e+04
1.409300000000000000e+04
1.410000000000000000e+04
1.410600000000000000e+04
1.411200000000000000e+04
1.411800000000000000e+04
1.412300000000000000e+04
1.412900000000000000e+04
1.413500000000000000e+04
1.414100000000000000e+04
1.414900000000000000e+04
1.415800000000000000e+04
1.417000000000000000e+04
1.417900000000000000e+04
1.418500000000000000e+04
1.419100000000000000e+04
1.420000000000000000e+04
1.420900000000000000e+04
1.421800000000000000e+04
1.422800000000000000e+04
1.423600000000000000e+04
1.424400000000000000e+04
1.425300000000000000e+04
1.426100000000000000e+04
1.426900000000000000e+04
1.427700000000000000e+04
1.428300000000000000e+04
1.429000000000000000e+04
1.429300000000000000e+04
1.429700000000000000e+04
1.430300000000000000e+04
1.431000000000000000e+04
1.431700000000000000e+04
1.432400000000000000e+04
1.433300000000000000e+04
1.434100000000000000e+04
1.434900000000000000e+04
1.435600000000000000e+04
1.436400000000000000e+04
1.437200000000000000e+04
1.437900000000000000e+04
1.438600000000000000e+04
1.439200000000000000e+04
1.439700000000000000e+04
1.440500000000000000e+04
1.441300000000000000e+04
1.442100000000000000e+04
1.443100000000000000e+04
1.443700000000000000e+04
1.444300000000000000e+04
1.444800000000000000e+04
1.445300000000000000e+04
1.445900000000000000e+04
1.446400000000000000e+04
1.446900000000000000e+04
1.447400000000000000e+04
1.447700000000000000e+04
1.448100000000000000e+04
1.448700000000000000e+04
1.449400000000000000e+04
1.450100000000000000e+04
1.450800000000000000e+04
1.451500000000000000e+04
1.452300000000000000e+04
1.453100000000000000e+04
1.453900000000000000e+04
1.454800000000000000e+04
1.455700000000000000e+04
1.456600000000000000e+04
1.457500000000000000e+04
1.458000000000000000e+04
1.458600000000000000e+04
1.459000000000000000e+04
1.459500000000000000e+04
1.460000000000000000e+04
1.460700000000000000e+04
1.461200000000000000e+04
1.461900000000000000e+04
1.462500000000000000e+04
1.463100000000000000e+04
1.463700000000000000e+04
1.464100000000000000e+04
1.464700000000000000e+04
1.465100000000000000e+04
1.465400000000000000e+04
1.465800000000000000e+04
1.466200000000000000e+04
1.466500000000000000e+04
1.466800000000000000e+04
1.467300000000000000e+04
1.467800000000000000e+04
1.468400000000000000e+04
1.469000000000000000e+04
1.469600000000000000e+04
1.470200000000000000e+04
1.470800000000000000e+04
1.471600000000000000e+04
1.472500000000000000e+04
1.473300000000000000e+04
1.474000000000000000e+04
1.474700000000000000e+04
1.475200000000000000e+04
1.475700000000000000e+04
1.476400000000000000e+04
1.477000000000000000e+04
1.477600000000000000e+04
1.478300000000000000e+04
1.479000000000000000e+04
1.479700000000000000e+04
1.480300000000000000e+04
1.480900000000000000e+04
1.481600000000000000e+04
1.482300000000000000e+04
1.483100000000000000e+04
1.483700000000000000e+04
1.484200000000000000e+04
1.484600000000000000e+04
1.485300000000000000e+04
1.486000000000000000e+04
1.486800000000000000e+04
1.487400000000000000e+04
1.488000000000000000e+04
1.488600000000000000e+04
1.489200000000000000e+04
1.489900000000000000e+04
1.490600000000000000e+04
1.491400000000000000e+04
1.492200000000000000e+04
1.493000000000000000e+04
1.493600000000000000e+04
1.494200000000000000e+04
1.495300000000000000e+04
1.496200000000000000e+04
1.497100000000000000e+04
1.498100000000000000e+04
1.498900000000000000e+04
1.499600000000000000e+04
1.500400000000000000e+04
1.500900000000000000e+04
1.501500000000000000e+04
1.502100000000000000e+04
1.502600000000000000e+04
1.503200000000000000e+04
1.503700000000000000e+04
1.504200000000000000e+04
1.505000000000000000e+04
1.505800000000000000e+04
1.506600000000000000e+04
1.507400000000000000e+04
1.508300000000000000e+04
1.509000000000000000e+04
1.509700000000000000e+04
1.510500000000000000e+04
1.511300000000000000e+04
1.512100000000000000e+04
1.512900000000000000e+04
1.513700000000000000e+04
1.514300000000000000e+04
1.514900000000000000e+04
1.515800000000000000e+04
1.516400000000000000e+04
1.517200000000000000e+04
1.517800000000000000e+04
1.518600000000000000e+04
1.519400000000000000e+04
1.520000000000000000e+04
1.520700000000000000e+04
1.521400000000000000e+04
1.522200000000000000e+04
1.522800000000000000e+04
1.523400000000000000e+04
1.523900000000000000e+04
1.524400000000000000e+04
1.525000000000000000e+04
1.525700000000000000e+04
1.526300000000000000e+04
1.526900000000000000e+04
1.527500000000000000e+04
1.528100000000000000e+04
1.528600000000000000e+04
1.529200000000000000e+04
1.529900000000000000e+04
1.530500000000000000e+04
1.531100000000000000e+04
1.531700000000000000e+04
1.532300000000000000e+04
1.532700000000000000e+04
1.533300000000000000e+04
1.534000000000000000e+04
1.534700000000000000e+04
1.535400000000000000e+04
1.536000000000000000e+04
1.536700000000000000e+04
1.537300000000000000e+04
1.538000000000000000e+04
1.538600000000000000e+04
1.539100000000000000e+04
1.539700000000000000e+04
1.540200000000000000e+04
1.541000000000000000e+04
1.541600000000000000e+04
1.542200000000000000e+04
1.543000000000000000e+04
1.543900000000000000e+04
1.544500000000000000e+04
1.545200000000000000e+04
1.546000000000000000e+04
1.546800000000000000e+04
1.547700000000000000e+04
1.548600000000000000e+04
1.549500000000000000e+04
1.550500000000000000e+04
1.551300000000000000e+04
1.552200000000000000e+04
1.552900000000000000e+04
1.553700000000000000e+04
1.554500000000000000e+04
1.555300000000000000e+04
1.556100000000000000e+04
1.556900000000000000e+04
1.557700000000000000e+04
1.558400000000000000e+04
1.559000000000000000e+04
1.559700000000000000e+04
1.560400000000000000e+04
1.561100000000000000e+04
1.561700000000000000e+04
1.562500000000000000e+04
1.563100000000000000e+04
1.563700000000000000e+04
1.564500000000000000e+04
1.565300000000000000e+04
1.566100000000000000e+04
1.566900000000000000e+04
1.567700000000000000e+04
1.568300000000000000e+04
1.569100000000000000e+04
1.570200000000000000e+04
1.571100000000000000e+04
1.571900000000000000e+04
1.572700000000000000e+04
1.573500000000000000e+04
1.574100000000000000e+04
1.575000000000000000e+04
1.575800000000000000e+04
1.576600000000000000e+04
1.577500000000000000e+04
1.578400000000000000e+04
1.579200000000000000e+04
1.579900000000000000e+04
1.580800000000000000e+04
1.581500000000000000e+04
1.582200000000000000e+04
1.582900000000000000e+04
1.583600000000000000e+04
1.584300000000000000e+04
1.585100000000000000e+04
1.585800000000000000e+04
1.586500000000000000e+04
1.587200000000000000e+04
1.587900000000000000e+04
1.588600000000000000e+04
1.589300000000000000e+04
1.590000000000000000e+04
1.590800000000000000e+04
1.591600000000000000e+04
1.592400000000000000e+04
1.593200000000000000e+04
1.594000000000000000e+04
1.594800000000000000e+04
1.595300000000000000e+04
1.596000000000000000e+04
1.596700000000000000e+04
1.597400000000000000e+04
1.598100000000000000e+04
1.598800000000000000e+04
1.599500000000000000e+04
1.600100000000000000e+04
1.600700000000000000e+04
1.601200000000000000e+04
1.601800000000000000e+04
1.602400000000000000e+04
1.603000000000000000e+04
1.603700000000000000e+04
1.604100000000000000e+04
1.604500000000000000e+04
1.605000000000000000e+04
1.605500000000000000e+04
1.606000000000000000e+04
1.606500000000000000e+04
1.607100000000000000e+04
1.607700000000000000e+04
1.608300000000000000e+04
1.609000000000000000e+04
1.610000000000000000e+04
1.611000000000000000e+04
1.612000000000000000e+04
1.613100000000000000e+04
1.614200000000000000e+04
1.615500000000000000e+04
1.616500000000000000e+04
1.617200000000000000e+04
1.617900000000000000e+04
1.618900000000000000e+04
1.619700000000000000e+04
1.620500000000000000e+04
1.621100000000000000e+04
1.621700000000000000e+04
1.622300000000000000e+04
1.622900000000000000e+04
1.623500000000000000e+04
1.624200000000000000e+04
1.624800000000000000e+04
1.625500000000000000e+04
1.626100000000000000e+04
1.626600000000000000e+04
1.627200000000000000e+04
1.628000000000000000e+04
1.628900000000000000e+04
1.629700000000000000e+04
1.630600000000000000e+04
1.631400000000000000e+04
1.632200000000000000e+04
1.633000000000000000e+04
1.633800000000000000e+04
1.634600000000000000e+04
1.635400000000000000e+04
1.636300000000000000e+04
1.637000000000000000e+04
1.637500000000000000e+04
1.638000000000000000e+04
1.638700000000000000e+04
1.639500000000000000e+04
1.640200000000000000e+04
1.641000000000000000e+04
1.641800000000000000e+04
1.642400000000000000e+04
1.643100000000000000e+04
1.643800000000000000e+04
1.644500000000000000e+04
1.645200000000000000e+04
1.645900000000000000e+04
1.646600000000000000e+04
1.647100000000000000e+04
1.647600000000000000e+04
1.648300000000000000e+04
1.649000000000000000e+04
1.649700000000000000e+04
1.650600000000000000e+04
1.651500000000000000e+04
1.652300000000000000e+04
1.653200000000000000e+04
1.654200000000000000e+04
1.655300000000000000e+04
1.656400000000000000e+04
1.657300000000000000e+04
1.658000000000000000e+04
1.658400000000000000e+04
1.659100000000000000e+04
1.659700000000000000e+04
1.660300000000000000e+04
1.661000000000000000e+04
1.661700000000000000e+04
1.662500000000000000e+04
1.663200000000000000e+04
1.663900000000000000e+04
1.664500000000000000e+04
1.665200000000000000e+04
1.665900000000000000e+04
1.666500000000000000e+04
1.667200000000000000e+04
1.667800000000000000e+04
1.668400000000000000e+04
1.669300000000000000e+04
1.670100000000000000e+04
1.670800000000000000e+04
1.671600000000000000e+04
1.672400000000000000e+04
