0.000000000000000000e+00
5.000000000000000000e+01
1.030000000000000000e+02
1.480000000000000000e+02
1.920000000000000000e+02
2.320000000000000000e+02
2.800000000000000000e+02
3.200000000000000000e+02
3.630000000000000000e+02
4.060000000000000000e+02
4.450000000000000000e+02
4.880000000000000000e+02
5.270000000000000000e+02
5.650000000000000000e+02
5.990000000000000000e+02
6.390000000000000000e+02
6.720000000000000000e+02
7.060000000000000000e+02
7.450000000000000000e+02
7.820000000000000000e+02
8.150000000000000000e+02
8.460000000000000000e+02
8.760000000000000000e+02
9.050000000000000000e+02
9.290000000000000000e+02
9.520000000000000000e+02
9.790000000000000000e+02
1.005000000000000000e+03
1.033000000000000000e+03
1.057000000000000000e+03
1.080000000000000000e+03
1.108000000000000000e+03
1.134000000000000000e+03
1.159000000000000000e+03
1.186000000000000000e+03
1.209000000000000000e+03
1.234000000000000000e+03
1.257000000000000000e+03
1.283000000000000000e+03
1.308000000000000000e+03
1.333000000000000000e+03
1.356000000000000000e+03
1.380000000000000000e+03
1.402000000000000000e+03
1.431000000000000000e+03
1.454000000000000000e+03
1.484000000000000000e+03
1.505000000000000000e+03
1.527000000000000000e+03
1.548000000000000000e+03
1.565000000000000000e+03
1.584000000000000000e+03
1.601000000000000000e+03
1.619000000000000000e+03
1.639000000000000000e+03
1.659000000000000000e+03
1.678000000000000000e+03
1.694000000000000000e+03
1.711000000000000000e+03
1.725000000000000000e+03
1.741000000000000000e+03
1.763000000000000000e+03
1.781000000000000000e+03
1.799000000000000000e+03
1.813000000000000000e+03
1.830000000000000000e+03
1.847000000000000000e+03
1.868000000000000000e+03
1.885000000000000000e+03
1.897000000000000000e+03
1.910000000000000000e+03
1.921000000000000000e+03
1.933000000000000000e+03
1.947000000000000000e+03
1.963000000000000000e+03
1.977000000000000000e+03
1.990000000000000000e+03
2.005000000000000000e+03
2.022000000000000000e+03
2.037000000000000000e+03
2.049000000000000000e+03
2.064000000000000000e+03
2.075000000000000000e+03
2.086000000000000000e+03
2.097000000000000000e+03
2.105000000000000000e+03
2.115000000000000000e+03
2.128000000000000000e+03
2.141000000000000000e+03
2.152000000000000000e+03
2.164000000000000000e+03
2.177000000000000000e+03
2.188000000000000000e+03
2.200000000000000000e+03
2.213000000000000000e+03
2.227000000000000000e+03
2.240000000000000000e+03
2.253000000000000000e+03
2.270000000000000000e+03
2.285000000000000000e+03
2.300000000000000000e+03
2.315000000000000000e+03
2.332000000000000000e+03
2.350000000000000000e+03
2.368000000000000000e+03
2.385000000000000000e+03
2.401000000000000000e+03
2.417000000000000000e+03
2.436000000000000000e+03
2.456000000000000000e+03
2.476000000000000000e+03
2.494000000000000000e+03
2.510000000000000000e+03
2.526000000000000000e+03
2.543000000000000000e+03
2.559000000000000000e+03
2.576000000000000000e+03
2.592000000000000000e+03
2.609000000000000000e+03
2.627000000000000000e+03
2.649000000000000000e+03
2.663000000000000000e+03
2.674000000000000000e+03
2.683000000000000000e+03
2.701000000000000000e+03
2.718000000000000000e+03
2.730000000000000000e+03
2.739000000000000000e+03
2.751000000000000000e+03
2.761000000000000000e+03
2.772000000000000000e+03
2.782000000000000000e+03
2.793000000000000000e+03
2.802000000000000000e+03
2.812000000000000000e+03
2.823000000000000000e+03
2.833000000000000000e+03
2.844000000000000000e+03
2.857000000000000000e+03
2.869000000000000000e+03
2.880000000000000000e+03
2.891000000000000000e+03
2.901000000000000000e+03
2.913000000000000000e+03
2.926000000000000000e+03
2.939000000000000000e+03
2.952000000000000000e+03
2.968000000000000000e+03
2.986000000000000000e+03
3.003000000000000000e+03
3.020000000000000000e+03
3.034000000000000000e+03
3.047000000000000000e+03
3.059000000000000000e+03
3.068000000000000000e+03
3.078000000000000000e+03
3.088000000000000000e+03
3.098000000000000000e+03
3.109000000000000000e+03
3.120000000000000000e+03
3.134000000000000000e+03
3.148000000000000000e+03
3.163000000000000000e+03
3.174000000000000000e+03
3.187000000000000000e+03
3.201000000000000000e+03
3.213000000000000000e+03
3.227000000000000000e+03
3.242000000000000000e+03
3.259000000000000000e+03
3.277000000000000000e+03
3.289000000000000000e+03
3.302000000000000000e+03
3.316000000000000000e+03
3.332000000000000000e+03
3.348000000000000000e+03
3.360000000000000000e+03
3.373000000000000000e+03
3.389000000000000000e+03
3.403000000000000000e+03
3.417000000000000000e+03
3.427000000000000000e+03
3.438000000000000000e+03
3.454000000000000000e+03
3.469000000000000000e+03
3.482000000000000000e+03
3.496000000000000000e+03
3.509000000000000000e+03
3.523000000000000000e+03
3.533000000000000000e+03
3.543000000000000000e+03
3.554000000000000000e+03
3.565000000000000000e+03
3.572000000000000000e+03
3.580000000000000000e+03
3.593000000000000000e+03
3.603000000000000000e+03
3.611000000000000000e+03
3.619000000000000000e+03
3.628000000000000000e+03
3.638000000000000000e+03
3.648000000000000000e+03
3.660000000000000000e+03
3.674000000000000000e+03
3.684000000000000000e+03
3.694000000000000000e+03
3.704000000000000000e+03
3.715000000000000000e+03
3.726000000000000000e+03
3.735000000000000000e+03
3.745000000000000000e+03
3.753000000000000000e+03
3.761000000000000000e+03
3.769000000000000000e+03
3.776000000000000000e+03
3.786000000000000000e+03
3.798000000000000000e+03
3.809000000000000000e+03
3.818000000000000000e+03
3.827000000000000000e+03
3.835000000000000000e+03
3.843000000000000000e+03
3.852000000000000000e+03
3.861000000000000000e+03
3.869000000000000000e+03
3.877000000000000000e+03
3.885000000000000000e+03
3.893000000000000000e+03
3.902000000000000000e+03
3.913000000000000000e+03
3.924000000000000000e+03
3.933000000000000000e+03
3.942000000000000000e+03
3.951000000000000000e+03
3.962000000000000000e+03
3.974000000000000000e+03
3.982000000000000000e+03
3.989000000000000000e+03
3.994000000000000000e+03
3.998000000000000000e+03
4.003000000000000000e+03
4.009000000000000000e+03
4.017000000000000000e+03
4.025000000000000000e+03
4.033000000000000000e+03
4.042000000000000000e+03
4.050000000000000000e+03
4.059000000000000000e+03
4.067000000000000000e+03
4.075000000000000000e+03
4.083000000000000000e+03
4.091000000000000000e+03
4.099000000000000000e+03
4.109000000000000000e+03
4.120000000000000000e+03
4.131000000000000000e+03
4.146000000000000000e+03
4.156000000000000000e+03
4.167000000000000000e+03
4.180000000000000000e+03
4.193000000000000000e+03
4.204000000000000000e+03
4.219000000000000000e+03
4.236000000000000000e+03
4.248000000000000000e+03
4.259000000000000000e+03
4.268000000000000000e+03
4.278000000000000000e+03
4.288000000000000000e+03
4.298000000000000000e+03
4.307000000000000000e+03
4.316000000000000000e+03
4.325000000000000000e+03
4.334000000000000000e+03
4.344000000000000000e+03
4.355000000000000000e+03
4.370000000000000000e+03
4.382000000000000000e+03
4.393000000000000000e+03
4.404000000000000000e+03
4.415000000000000000e+03
4.428000000000000000e+03
4.439000000000000000e+03
4.450000000000000000e+03
4.461000000000000000e+03
4.473000000000000000e+03
4.485000000000000000e+03
4.499000000000000000e+03
4.514000000000000000e+03
4.528000000000000000e+03
4.542000000000000000e+03
4.556000000000000000e+03
4.569000000000000000e+03
4.581000000000000000e+03
4.597000000000000000e+03
4.610000000000000000e+03
4.622000000000000000e+03
4.634000000000000000e+03
4.647000000000000000e+03
4.662000000000000000e+03
4.672000000000000000e+03
4.682000000000000000e+03
4.693000000000000000e+03
4.703000000000000000e+03
4.712000000000000000e+03
4.722000000000000000e+03
4.732000000000000000e+03
4.742000000000000000e+03
4.754000000000000000e+03
4.766000000000000000e+03
4.778000000000000000e+03
4.789000000000000000e+03
4.801000000000000000e+03
4.811000000000000000e+03
4.820000000000000000e+03
4.832000000000000000e+03
4.842000000000000000e+03
4.853000000000000000e+03
4.863000000000000000e+03
4.871000000000000000e+03
4.882000000000000000e+03
4.894000000000000000e+03
4.907000000000000000e+03
4.920000000000000000e+03
4.932000000000000000e+03
4.945000000000000000e+03
4.957000000000000000e+03
4.969000000000000000e+03
4.981000000000000000e+03
4.993000000000000000e+03
5.005000000000000000e+03
5.019000000000000000e+03
5.030000000000000000e+03
5.043000000000000000e+03
5.057000000000000000e+03
5.071000000000000000e+03
5.083000000000000000e+03
5.097000000000000000e+03
5.111000000000000000e+03
5.125000000000000000e+03
5.138000000000000000e+03
5.152000000000000000e+03
5.165000000000000000e+03
5.179000000000000000e+03
5.193000000000000000e+03
5.208000000000000000e+03
5.222000000000000000e+03
5.233000000000000000e+03
5.247000000000000000e+03
5.259000000000000000e+03
5.270000000000000000e+03
5.282000000000000000e+03
5.291000000000000000e+03
5.302000000000000000e+03
5.313000000000000000e+03
5.323000000000000000e+03
5.332000000000000000e+03
5.343000000000000000e+03
5.352000000000000000e+03
5.361000000000000000e+03
5.370000000000000000e+03
5.380000000000000000e+03
5.389000000000000000e+03
5.398000000000000000e+03
5.407000000000000000e+03
5.416000000000000000e+03
5.424000000000000000e+03
5.435000000000000000e+03
5.445000000000000000e+03
5.456000000000000000e+03
5.469000000000000000e+03
5.481000000000000000e+03
5.493000000000000000e+03
5.505000000000000000e+03
5.517000000000000000e+03
5.530000000000000000e+03
5.544000000000000000e+03
5.556000000000000000e+03
5.567000000000000000e+03
5.578000000000000000e+03
5.587000000000000000e+03
5.598000000000000000e+03
5.610000000000000000e+03
5.622000000000000000e+03
5.632000000000000000e+03
5.643000000000000000e+03
5.654000000000000000e+03
5.662000000000000000e+03
5.671000000000000000e+03
5.680000000000000000e+03
5.691000000000000000e+03
5.700000000000000000e+03
5.711000000000000000e+03
5.722000000000000000e+03
5.730000000000000000e+03
5.743000000000000000e+03
5.754000000000000000e+03
5.765000000000000000e+03
5.777000000000000000e+03
5.789000000000000000e+03
5.801000000000000000e+03
5.813000000000000000e+03
5.827000000000000000e+03
5.840000000000000000e+03
5.853000000000000000e+03
5.866000000000000000e+03
5.879000000000000000e+03
5.890000000000000000e+03
5.901000000000000000e+03
5.917000000000000000e+03
5.929000000000000000e+03
5.945000000000000000e+03
5.957000000000000000e+03
5.968000000000000000e+03
5.980000000000000000e+03
5.993000000000000000e+03
6.006000000000000000e+03
6.018000000000000000e+03
6.030000000000000000e+03
6.042000000000000000e+03
6.054000000000000000e+03
6.066000000000000000e+03
6.077000000000000000e+03
6.088000000000000000e+03
6.099000000000000000e+03
6.110000000000000000e+03
6.121000000000000000e+03
6.131000000000000000e+03
6.141000000000000000e+03
6.152000000000000000e+03
6.164000000000000000e+03
6.176000000000000000e+03
6.189000000000000000e+03
6.203000000000000000e+03
6.216000000000000000e+03
6.227000000000000000e+03
6.240000000000000000e+03
6.251000000000000000e+03
6.262000000000000000e+03
6.273000000000000000e+03
6.284000000000000000e+03
6.295000000000000000e+03
6.307000000000000000e+03
6.319000000000000000e+03
6.332000000000000000e+03
6.343000000000000000e+03
6.354000000000000000e+03
6.366000000000000000e+03
6.377000000000000000e+03
6.387000000000000000e+03
6.395000000000000000e+03
6.405000000000000000e+03
6.415000000000000000e+03
6.425000000000000000e+03
6.436000000000000000e+03
6.449000000000000000e+03
6.459000000000000000e+03
6.469000000000000000e+03
6.483000000000000000e+03
6.493000000000000000e+03
6.503000000000000000e+03
6.513000000000000000e+03
6.523000000000000000e+03
6.533000000000000000e+03
6.541000000000000000e+03
6.548000000000000000e+03
6.556000000000000000e+03
6.566000000000000000e+03
6.573000000000000000e+03
6.581000000000000000e+03
6.589000000000000000e+03
6.599000000000000000e+03
6.609000000000000000e+03
6.618000000000000000e+03
6.627000000000000000e+03
6.636000000000000000e+03
6.646000000000000000e+03
6.655000000000000000e+03
6.665000000000000000e+03
6.672000000000000000e+03
6.678000000000000000e+03
6.686000000000000000e+03
6.695000000000000000e+03
6.705000000000000000e+03
6.717000000000000000e+03
6.729000000000000000e+03
6.739000000000000000e+03
6.749000000000000000e+03
6.760000000000000000e+03
6.770000000000000000e+03
6.779000000000000000e+03
6.788000000000000000e+03
6.798000000000000000e+03
6.808000000000000000e+03
6.815000000000000000e+03
6.824000000000000000e+03
6.834000000000000000e+03
6.842000000000000000e+03
6.850000000000000000e+03
6.860000000000000000e+03
6.871000000000000000e+03
6.881000000000000000e+03
6.891000000000000000e+03
6.901000000000000000e+03
6.911000000000000000e+03
6.921000000000000000e+03
6.931000000000000000e+03
6.942000000000000000e+03
6.953000000000000000e+03
6.962000000000000000e+03
6.971000000000000000e+03
6.981000000000000000e+03
6.991000000000000000e+03
7.002000000000000000e+03
7.013000000000000000e+03
7.024000000000000000e+03
7.035000000000000000e+03
7.046000000000000000e+03
7.058000000000000000e+03
7.069000000000000000e+03
7.081000000000000000e+03
7.093000000000000000e+03
7.102000000000000000e+03
7.113000000000000000e+03
7.125000000000000000e+03
7.137000000000000000e+03
7.150000000000000000e+03
7.163000000000000000e+03
7.176000000000000000e+03
7.187000000000000000e+03
7.198000000000000000e+03
7.211000000000000000e+03
7.224000000000000000e+03
7.239000000000000000e+03
7.253000000000000000e+03
7.263000000000000000e+03
7.272000000000000000e+03
7.283000000000000000e+03
7.291000000000000000e+03
7.301000000000000000e+03
7.310000000000000000e+03
7.320000000000000000e+03
7.328000000000000000e+03
7.337000000000000000e+03
7.343000000000000000e+03
7.351000000000000000e+03
7.359000000000000000e+03
7.367000000000000000e+03
7.376000000000000000e+03
7.386000000000000000e+03
7.392000000000000000e+03
7.398000000000000000e+03
7.405000000000000000e+03
7.415000000000000000e+03
7.422000000000000000e+03
7.428000000000000000e+03
7.434000000000000000e+03
7.440000000000000000e+03
7.447000000000000000e+03
7.454000000000000000e+03
7.462000000000000000e+03
7.472000000000000000e+03
7.480000000000000000e+03
7.489000000000000000e+03
7.497000000000000000e+03
7.508000000000000000e+03
7.517000000000000000e+03
7.526000000000000000e+03
7.536000000000000000e+03
7.546000000000000000e+03
7.559000000000000000e+03
7.571000000000000000e+03
7.583000000000000000e+03
7.599000000000000000e+03
7.612000000000000000e+03
7.624000000000000000e+03
7.633000000000000000e+03
7.644000000000000000e+03
7.653000000000000000e+03
7.663000000000000000e+03
7.671000000000000000e+03
7.679000000000000000e+03
7.686000000000000000e+03
7.693000000000000000e+03
7.700000000000000000e+03
7.709000000000000000e+03
7.719000000000000000e+03
7.730000000000000000e+03
7.740000000000000000e+03
7.751000000000000000e+03
7.761000000000000000e+03
7.771000000000000000e+03
7.780000000000000000e+03
7.788000000000000000e+03
7.794000000000000000e+03
7.802000000000000000e+03
7.811000000000000000e+03
7.818000000000000000e+03
7.826000000000000000e+03
7.834000000000000000e+03
7.840000000000000000e+03
7.846000000000000000e+03
7.853000000000000000e+03
7.861000000000000000e+03
7.871000000000000000e+03
7.879000000000000000e+03
7.886000000000000000e+03
7.893000000000000000e+03
7.901000000000000000e+03
7.908000000000000000e+03
7.914000000000000000e+03
7.921000000000000000e+03
7.929000000000000000e+03
7.937000000000000000e+03
7.945000000000000000e+03
7.953000000000000000e+03
7.962000000000000000e+03
7.972000000000000000e+03
7.982000000000000000e+03
7.991000000000000000e+03
7.999000000000000000e+03
8.008000000000000000e+03
8.015000000000000000e+03
8.024000000000000000e+03
8.035000000000000000e+03
8.045000000000000000e+03
8.055000000000000000e+03
8.066000000000000000e+03
8.079000000000000000e+03
8.092000000000000000e+03
8.103000000000000000e+03
8.115000000000000000e+03
8.122000000000000000e+03
8.132000000000000000e+03
8.140000000000000000e+03
8.149000000000000000e+03
8.154000000000000000e+03
8.163000000000000000e+03
8.172000000000000000e+03
8.180000000000000000e+03
8.188000000000000000e+03
8.197000000000000000e+03
8.206000000000000000e+03
8.215000000000000000e+03
8.222000000000000000e+03
8.230000000000000000e+03
8.241000000000000000e+03
8.250000000000000000e+03
8.258000000000000000e+03
8.267000000000000000e+03
8.274000000000000000e+03
8.283000000000000000e+03
8.292000000000000000e+03
8.303000000000000000e+03
8.309000000000000000e+03
8.316000000000000000e+03
8.324000000000000000e+03
8.333000000000000000e+03
8.343000000000000000e+03
8.355000000000000000e+03
8.367000000000000000e+03
8.380000000000000000e+03
8.392000000000000000e+03
8.401000000000000000e+03
8.411000000000000000e+03
8.420000000000000000e+03
8.427000000000000000e+03
8.434000000000000000e+03
8.441000000000000000e+03
8.451000000000000000e+03
8.460000000000000000e+03
8.471000000000000000e+03
8.482000000000000000e+03
8.491000000000000000e+03
8.500000000000000000e+03
8.509000000000000000e+03
8.518000000000000000e+03
8.527000000000000000e+03
8.536000000000000000e+03
8.545000000000000000e+03
8.553000000000000000e+03
8.564000000000000000e+03
8.573000000000000000e+03
8.583000000000000000e+03
8.592000000000000000e+03
8.601000000000000000e+03
8.610000000000000000e+03
8.618000000000000000e+03
8.626000000000000000e+03
8.634000000000000000e+03
8.643000000000000000e+03
8.651000000000000000e+03
8.661000000000000000e+03
8.670000000000000000e+03
8.676000000000000000e+03
8.684000000000000000e+03
8.692000000000000000e+03
8.701000000000000000e+03
8.711000000000000000e+03
8.719000000000000000e+03
8.727000000000000000e+03
8.735000000000000000e+03
8.743000000000000000e+03
8.751000000000000000e+03
8.759000000000000000e+03
8.768000000000000000e+03
8.777000000000000000e+03
8.787000000000000000e+03
8.795000000000000000e+03
8.806000000000000000e+03
8.815000000000000000e+03
8.823000000000000000e+03
8.832000000000000000e+03
8.841000000000000000e+03
8.850000000000000000e+03
8.859000000000000000e+03
8.869000000000000000e+03
8.877000000000000000e+03
8.884000000000000000e+03
8.892000000000000000e+03
8.899000000000000000e+03
8.904000000000000000e+03
8.910000000000000000e+03
8.916000000000000000e+03
8.924000000000000000e+03
8.931000000000000000e+03
8.939000000000000000e+03
8.945000000000000000e+03
8.951000000000000000e+03
8.960000000000000000e+03
8.967000000000000000e+03
8.975000000000000000e+03
8.984000000000000000e+03
8.996000000000000000e+03
9.006000000000000000e+03
9.016000000000000000e+03
9.025000000000000000e+03
9.034000000000000000e+03
9.045000000000000000e+03
9.054000000000000000e+03
9.063000000000000000e+03
9.072000000000000000e+03
9.079000000000000000e+03
9.086000000000000000e+03
9.095000000000000000e+03
9.104000000000000000e+03
9.113000000000000000e+03
9.122000000000000000e+03
9.131000000000000000e+03
9.140000000000000000e+03
9.148000000000000000e+03
9.159000000000000000e+03
9.170000000000000000e+03
9.180000000000000000e+03
9.191000000000000000e+03
9.200000000000000000e+03
9.209000000000000000e+03
9.218000000000000000e+03
9.228000000000000000e+03
9.237000000000000000e+03
9.246000000000000000e+03
9.255000000000000000e+03
9.263000000000000000e+03
9.273000000000000000e+03
9.276000000000000000e+03
9.282000000000000000e+03
9.288000000000000000e+03
9.295000000000000000e+03
9.304000000000000000e+03
9.314000000000000000e+03
9.322000000000000000e+03
9.329000000000000000e+03
9.336000000000000000e+03
9.344000000000000000e+03
9.353000000000000000e+03
9.362000000000000000e+03
9.373000000000000000e+03
9.382000000000000000e+03
9.388000000000000000e+03
9.396000000000000000e+03
9.404000000000000000e+03
9.412000000000000000e+03
9.420000000000000000e+03
9.428000000000000000e+03
9.436000000000000000e+03
9.447000000000000000e+03
9.456000000000000000e+03
9.465000000000000000e+03
9.475000000000000000e+03
9.485000000000000000e+03
9.495000000000000000e+03
9.505000000000000000e+03
9.513000000000000000e+03
9.523000000000000000e+03
9.531000000000000000e+03
9.540000000000000000e+03
9.547000000000000000e+03
9.554000000000000000e+03
9.561000000000000000e+03
9.568000000000000000e+03
9.576000000000000000e+03
9.583000000000000000e+03
9.591000000000000000e+03
9.599000000000000000e+03
9.607000000000000000e+03
9.616000000000000000e+03
9.622000000000000000e+03
9.629000000000000000e+03
9.636000000000000000e+03
9.643000000000000000e+03
9.651000000000000000e+03
9.658000000000000000e+03
9.665000000000000000e+03
9.674000000000000000e+03
9.683000000000000000e+03
9.693000000000000000e+03
9.701000000000000000e+03
9.710000000000000000e+03
9.717000000000000000e+03
9.725000000000000000e+03
9.734000000000000000e+03
9.744000000000000000e+03
9.753000000000000000e+03
9.760000000000000000e+03
9.767000000000000000e+03
9.774000000000000000e+03
9.780000000000000000e+03
9.786000000000000000e+03
9.792000000000000000e+03
9.798000000000000000e+03
9.803000000000000000e+03
9.808000000000000000e+03
9.815000000000000000e+03
9.822000000000000000e+03
9.828000000000000000e+03
9.835000000000000000e+03
9.840000000000000000e+03
9.846000000000000000e+03
9.852000000000000000e+03
9.858000000000000000e+03
9.864000000000000000e+03
9.872000000000000000e+03
9.881000000000000000e+03
9.890000000000000000e+03
9.899000000000000000e+03
9.910000000000000000e+03
9.920000000000000000e+03
9.930000000000000000e+03
9.937000000000000000e+03
9.946000000000000000e+03
9.958000000000000000e+03
9.966000000000000000e+03
9.973000000000000000e+03
9.980000000000000000e+03
9.988000000000000000e+03
9.997000000000000000e+03
1.000700000000000000e+04
1.001600000000000000e+04
1.002400000000000000e+04
1.003200000000000000e+04
1.004100000000000000e+04
1.004900000000000000e+04
1.005700000000000000e+04
1.006600000000000000e+04
1.007600000000000000e+04
1.008700000000000000e+04
1.009600000000000000e+04
1.010600000000000000e+04
1.011400000000000000e+04
1.012200000000000000e+04
1.013000000000000000e+04
1.013700000000000000e+04
1.014500000000000000e+04
1.015300000000000000e+04
1.016000000000000000e+04
1.016700000000000000e+04
1.017300000000000000e+04
1.018200000000000000e+04
1.018800000000000000e+04
1.019600000000000000e+04
1.020200000000000000e+04
1.020800000000000000e+04
1.021400000000000000e+04
1.022000000000000000e+04
1.022600000000000000e+04
1.023200000000000000e+04
1.023800000000000000e+04
1.024400000000000000e+04
1.025200000000000000e+04
1.025800000000000000e+04
1.026200000000000000e+04
1.026900000000000000e+04
1.027600000000000000e+04
1.028300000000000000e+04
1.029000000000000000e+04
1.029900000000000000e+04
1.030600000000000000e+04
1.031200000000000000e+04
1.031900000000000000e+04
1.032600000000000000e+04
1.033400000000000000e+04
1.033800000000000000e+04
1.034400000000000000e+04
1.035000000000000000e+04
1.035400000000000000e+04
1.035900000000000000e+04
1.036500000000000000e+04
1.037400000000000000e+04
1.038500000000000000e+04
1.039600000000000000e+04
1.040700000000000000e+04
1.041500000000000000e+04
1.042300000000000000e+04
1.043100000000000000e+04
1.044000000000000000e+04
1.045100000000000000e+04
1.046100000000000000e+04
1.046900000000000000e+04
1.047500000000000000e+04
1.047900000000000000e+04
1.048500000000000000e+04
1.049200000000000000e+04
1.049900000000000000e+04
1.050600000000000000e+04
1.051300000000000000e+04
1.052000000000000000e+04
1.052900000000000000e+04
1.053700000000000000e+04
1.054800000000000000e+04
1.055700000000000000e+04
1.056700000000000000e+04
1.057500000000000000e+04
1.058100000000000000e+04
1.058700000000000000e+04
1.059400000000000000e+04
1.060200000000000000e+04
1.061000000000000000e+04
1.061800000000000000e+04
1.062600000000000000e+04
1.063400000000000000e+04
1.064100000000000000e+04
1.064800000000000000e+04
1.065600000000000000e+04
1.066400000000000000e+04
1.067200000000000000e+04
1.068000000000000000e+04
1.068700000000000000e+04
1.069500000000000000e+04
1.070400000000000000e+04
1.071400000000000000e+04
1.072400000000000000e+04
1.073400000000000000e+04
1.074500000000000000e+04
1.075600000000000000e+04
1.076700000000000000e+04
1.077900000000000000e+04
1.078900000000000000e+04
1.079900000000000000e+04
1.080900000000000000e+04
1.082000000000000000e+04
1.082900000000000000e+04
1.083800000000000000e+04
1.084700000000000000e+04
1.085500000000000000e+04
1.086400000000000000e+04
1.087300000000000000e+04
1.088100000000000000e+04
1.088900000000000000e+04
1.089800000000000000e+04
1.090700000000000000e+04
1.091700000000000000e+04
1.092500000000000000e+04
1.093400000000000000e+04
1.094300000000000000e+04
1.095100000000000000e+04
1.095900000000000000e+04
1.096900000000000000e+04
1.097900000000000000e+04
1.098900000000000000e+04
1.099900000000000000e+04
1.100900000000000000e+04
1.101900000000000000e+04
1.102900000000000000e+04
1.103900000000000000e+04
1.104800000000000000e+04
1.105700000000000000e+04
1.106700000000000000e+04
1.107600000000000000e+04
1.108400000000000000e+04
1.109300000000000000e+04
1.110500000000000000e+04
1.111500000000000000e+04
1.112400000000000000e+04
1.113300000000000000e+04
1.114400000000000000e+04
1.115400000000000000e+04
1.116400000000000000e+04
1.117400000000000000e+04
1.118500000000000000e+04
1.119400000000000000e+04
1.120300000000000000e+04
1.121100000000000000e+04
1.121700000000000000e+04
1.122300000000000000e+04
1.123100000000000000e+04
1.124000000000000000e+04
1.124800000000000000e+04
1.125600000000000000e+04
1.126600000000000000e+04
1.127600000000000000e+04
1.128700000000000000e+04
1.129500000000000000e+04
1.130300000000000000e+04
1.131300000000000000e+04
1.132100000000000000e+04
1.132900000000000000e+04
1.133500000000000000e+04
1.134200000000000000e+04
1.135100000000000000e+04
1.136000000000000000e+04
1.136900000000000000e+04
1.137800000000000000e+04
1.138700000000000000e+04
1.139600000000000000e+04
1.140500000000000000e+04
1.141500000000000000e+04
1.142500000000000000e+04
1.143500000000000000e+04
1.144200000000000000e+04
1.145100000000000000e+04
1.146100000000000000e+04
1.146900000000000000e+04
1.147700000000000000e+04
1.148900000000000000e+04
1.150200000000000000e+04
1.151400000000000000e+04
1.152600000000000000e+04
1.153800000000000000e+04
1.155000000000000000e+04
1.156200000000000000e+04
1.157400000000000000e+04
1.158600000000000000e+04
1.159600000000000000e+04
1.160700000000000000e+04
1.161500000000000000e+04
1.162200000000000000e+04
1.162900000000000000e+04
1.163800000000000000e+04
1.164700000000000000e+04
1.165600000000000000e+04
1.166400000000000000e+04
1.167200000000000000e+04
1.168100000000000000e+04
1.169000000000000000e+04
1.169800000000000000e+04
1.170700000000000000e+04
1.171600000000000000e+04
1.172300000000000000e+04
1.173200000000000000e+04
1.174200000000000000e+04
1.174900000000000000e+04
1.175600000000000000e+04
1.176500000000000000e+04
1.177400000000000000e+04
1.178200000000000000e+04
1.179300000000000000e+04
1.180200000000000000e+04
1.180900000000000000e+04
1.181600000000000000e+04
1.182300000000000000e+04
1.183000000000000000e+04
1.183800000000000000e+04
1.184500000000000000e+04
1.185200000000000000e+04
1.185900000000000000e+04
1.186600000000000000e+04
1.187500000000000000e+04
1.188500000000000000e+04
1.189400000000000000e+04
1.190300000000000000e+04
1.191100000000000000e+04
1.191800000000000000e+04
1.192500000000000000e+04
1.193300000000000000e+04
1.194100000000000000e+04
1.194900000000000000e+04
1.195700000000000000e+04
1.196500000000000000e+04
1.197100000000000000e+04
1.197700000000000000e+04
1.198500000000000000e+04
1.199300000000000000e+04
1.200100000000000000e+04
1.200900000000000000e+04
1.201600000000000000e+04
1.202400000000000000e+04
1.203400000000000000e+04
1.204200000000000000e+04
1.205000000000000000e+04
1.205900000000000000e+04
1.206800000000000000e+04
1.207700000000000000e+04
1.208400000000000000e+04
1.209100000000000000e+04
1.210000000000000000e+04
1.210900000000000000e+04
1.211800000000000000e+04
1.212600000000000000e+04
1.213400000000000000e+04
1.214400000000000000e+04
1.215200000000000000e+04
1.216000000000000000e+04
1.216900000000000000e+04
1.217700000000000000e+04
1.218700000000000000e+04
1.219600000000000000e+04
1.220300000000000000e+04
1.221100000000000000e+04
1.221800000000000000e+04
1.222900000000000000e+04
1.223600000000000000e+04
1.224500000000000000e+04
1.225400000000000000e+04
1.226300000000000000e+04
1.227100000000000000e+04
1.227900000000000000e+04
1.228900000000000000e+04
1.229800000000000000e+04
1.230500000000000000e+04
1.231200000000000000e+04
1.231700000000000000e+04
1.232300000000000000e+04
1.233100000000000000e+04
1.234000000000000000e+04
1.234900000000000000e+04
1.235800000000000000e+04
1.236800000000000000e+04
1.237700000000000000e+04
1.238500000000000000e+04
1.239200000000000000e+04
1.240100000000000000e+04
1.241000000000000000e+04
1.241900000000000000e+04
1.242800000000000000e+04
1.243500000000000000e+04
1.244200000000000000e+04
1.245100000000000000e+04
1.246000000000000000e+04
1.246900000000000000e+04
1.247800000000000000e+04
1.248700000000000000e+04
1.249700000000000000e+04
1.250500000000000000e+04
1.251300000000000000e+04
1.252100000000000000e+04
1.253000000000000000e+04
1.253900000000000000e+04
1.254700000000000000e+04
1.255300000000000000e+04
1.255900000000000000e+04
1.256600000000000000e+04
1.257300000000000000e+04
1.258100000000000000e+04
1.258900000000000000e+04
1.259700000000000000e+04
1.260600000000000000e+04
1.261500000000000000e+04
1.262400000000000000e+04
1.263400000000000000e+04
1.264400000000000000e+04
1.265400000000000000e+04
1.266400000000000000e+04
1.267200000000000000e+04
1.267900000000000000e+04
1.268800000000000000e+04
1.269800000000000000e+04
1.270900000000000000e+04
1.271800000000000000e+04
1.272800000000000000e+04
1.274000000000000000e+04
1.274900000000000000e+04
1.275700000000000000e+04
1.276400000000000000e+04
1.277100000000000000e+04
1.277900000000000000e+04
1.278700000000000000e+04
1.279400000000000000e+04
1.280200000000000000e+04
1.281100000000000000e+04
1.281900000000000000e+04
1.282700000000000000e+04
1.283500000000000000e+04
1.284300000000000000e+04
1.285100000000000000e+04
1.285900000000000000e+04
1.286700000000000000e+04
1.287600000000000000e+04
1.288500000000000000e+04
1.289500000000000000e+04
1.290400000000000000e+04
1.291100000000000000e+04
1.291800000000000000e+04
1.292800000000000000e+04
1.293900000000000000e+04
1.294800000000000000e+04
1.295700000000000000e+04
1.296700000000000000e+04
1.297500000000000000e+04
1.298300000000000000e+04
1.299100000000000000e+04
1.299900000000000000e+04
1.300800000000000000e+04
1.301600000000000000e+04
1.302300000000000000e+04
1.302900000000000000e+04
1.303500000000000000e+04
1.304300000000000000e+04
1.305100000000000000e+04
1.305900000000000000e+04
1.306700000000000000e+04
1.307500000000000000e+04
1.308300000000000000e+04
1.309200000000000000e+04
1.310100000000000000e+04
1.311000000000000000e+04
1.311900000000000000e+04
1.312700000000000000e+04
1.313500000000000000e+04
1.314100000000000000e+04
1.314700000000000000e+04
1.315300000000000000e+04
1.316100000000000000e+04
1.316700000000000000e+04
1.317300000000000000e+04
1.318000000000000000e+04
1.318800000000000000e+04
1.319600000000000000e+04
1.320300000000000000e+04
1.321200000000000000e+04
1.322000000000000000e+04
1.322900000000000000e+04
1.323800000000000000e+04
1.324700000000000000e+04
1.325600000000000000e+04
1.326500000000000000e+04
1.327300000000000000e+04
1.328300000000000000e+04
1.329200000000000000e+04
1.330000000000000000e+04
1.331100000000000000e+04
1.332000000000000000e+04
1.332800000000000000e+04
1.333600000000000000e+04
1.334400000000000000e+04
1.335200000000000000e+04
1.336000000000000000e+04
1.336800000000000000e+04
1.337600000000000000e+04
1.338400000000000000e+04
1.339000000000000000e+04
1.339600000000000000e+04
1.340500000000000000e+04
1.341200000000000000e+04
1.341900000000000000e+04
1.342600000000000000e+04
1.343300000000000000e+04
1.344000000000000000e+04
1.344700000000000000e+04
1.345400000000000000e+04
1.346100000000000000e+04
1.346700000000000000e+04
1.347300000000000000e+04
1.348000000000000000e+04
1.348500000000000000e+04
1.349000000000000000e+04
1.349600000000000000e+04
1.350200000000000000e+04
1.350800000000000000e+04
1.351400000000000000e+04
1.352100000000000000e+04
1.352800000000000000e+04
1.353400000000000000e+04
1.354000000000000000e+04
1.354900000000000000e+04
1.355900000000000000e+04
1.356800000000000000e+04
1.357700000000000000e+04
1.358400000000000000e+04
1.359100000000000000e+04
1.360000000000000000e+04
1.360700000000000000e+04
1.361400000000000000e+04
1.362200000000000000e+04
1.363100000000000000e+04
1.364200000000000000e+04
1.365200000000000000e+04
1.366100000000000000e+04
1.367000000000000000e+04
1.368000000000000000e+04
1.368800000000000000e+04
1.369700000000000000e+04
1.370400000000000000e+04
1.371100000000000000e+04
1.371800000000000000e+04
1.372400000000000000e+04
1.373100000000000000e+04
1.373900000000000000e+04
1.374600000000000000e+04
1.375400000000000000e+04
1.376300000000000000e+04
1.377200000000000000e+04
1.378100000000000000e+04
1.379000000000000000e+04
1.379900000000000000e+04
1.380700000000000000e+04
1.381500000000000000e+04
1.382400000000000000e+04
1.383400000000000000e+04
1.384000000000000000e+04
1.384700000000000000e+04
1.385600000000000000e+04
1.386500000000000000e+04
1.387400000000000000e+04
1.388300000000000000e+04
1.389200000000000000e+04
1.390100000000000000e+04
1.391100000000000000e+04
1.392000000000000000e+04
1.392900000000000000e+04
1.393800000000000000e+04
1.394900000000000000e+04
1.396000000000000000e+04
1.396900000000000000e+04
1.397700000000000000e+04
1.398600000000000000e+04
1.399600000000000000e+04
1.400500000000000000e+04
1.401600000000000000e+04
1.402500000000000000e+04
1.403400000000000000e+04
1.404300000000000000e+04
1.405200000000000000e+04
1.406100000000000000e+04
1.407000000000000000e+04
1.408000000000000000e+04
1.408800000000000000e+04
1.409400000000000000e+04
1.410000000000000000e+04
1.410800000000000000e+04
1.411600000000000000e+04
1.412400000000000000e+04
1.413200000000000000e+04
1.414000000000000000e+04
1.414800000000000000e+04
1.415600000000000000e+04
1.416500000000000000e+04
1.417400000000000000e+04
1.418400000000000000e+04
1.419300000000000000e+04
1.420000000000000000e+04
1.420800000000000000e+04
1.421700000000000000e+04
1.423000000000000000e+04
1.424000000000000000e+04
1.424800000000000000e+04
1.425600000000000000e+04
1.426400000000000000e+04
1.427200000000000000e+04
1.428000000000000000e+04
1.428800000000000000e+04
1.429700000000000000e+04
1.430400000000000000e+04
1.431100000000000000e+04
1.431900000000000000e+04
1.432300000000000000e+04
1.432700000000000000e+04
1.433300000000000000e+04
1.433900000000000000e+04
1.434500000000000000e+04
1.435100000000000000e+04
1.435600000000000000e+04
1.436200000000000000e+04
1.436900000000000000e+04
1.437600000000000000e+04
1.438400000000000000e+04
1.439300000000000000e+04
1.440200000000000000e+04
1.441100000000000000e+04
1.441800000000000000e+04
1.442400000000000000e+04
1.443200000000000000e+04
1.444000000000000000e+04
1.444700000000000000e+04
1.445500000000000000e+04
1.446600000000000000e+04
1.447400000000000000e+04
1.448100000000000000e+04
1.448900000000000000e+04
1.449700000000000000e+04
1.450500000000000000e+04
1.451300000000000000e+04
1.452200000000000000e+04
1.452700000000000000e+04
1.453100000000000000e+04
1.453800000000000000e+04
1.454500000000000000e+04
1.455300000000000000e+04
1.456100000000000000e+04
1.456900000000000000e+04
1.457700000000000000e+04
1.458500000000000000e+04
1.459400000000000000e+04
1.460300000000000000e+04
1.461300000000000000e+04
1.462300000000000000e+04
1.463400000000000000e+04
1.464200000000000000e+04
1.464900000000000000e+04
1.465800000000000000e+04
1.466700000000000000e+04
1.467600000000000000e+04
1.468500000000000000e+04
1.469500000000000000e+04
1.470300000000000000e+04
1.471000000000000000e+04
1.471700000000000000e+04
1.472600000000000000e+04
1.473500000000000000e+04
1.474400000000000000e+04
1.475300000000000000e+04
1.476000000000000000e+04
1.476700000000000000e+04
1.477600000000000000e+04
1.478500000000000000e+04
1.479500000000000000e+04
1.480500000000000000e+04
1.481500000000000000e+04
1.482500000000000000e+04
1.483500000000000000e+04
1.484500000000000000e+04
1.485600000000000000e+04
1.486500000000000000e+04
1.487300000000000000e+04
1.488100000000000000e+04
1.488600000000000000e+04
1.489100000000000000e+04
1.489700000000000000e+04
1.490300000000000000e+04
1.491200000000000000e+04
1.491900000000000000e+04
1.492800000000000000e+04
1.493500000000000000e+04
1.494200000000000000e+04
1.494900000000000000e+04
1.495600000000000000e+04
1.496300000000000000e+04
1.497000000000000000e+04
1.497700000000000000e+04
1.498200000000000000e+04
1.498700000000000000e+04
1.499400000000000000e+04
1.500100000000000000e+04
1.500800000000000000e+04
1.501500000000000000e+04
1.502200000000000000e+04
1.503000000000000000e+04
1.503800000000000000e+04
1.504600000000000000e+04
1.505300000000000000e+04
1.506000000000000000e+04
1.506800000000000000e+04
1.507600000000000000e+04
1.508300000000000000e+04
1.509000000000000000e+04
1.509900000000000000e+04
1.510800000000000000e+04
1.511700000000000000e+04
1.512600000000000000e+04
1.513600000000000000e+04
1.514400000000000000e+04
1.515400000000000000e+04
1.516400000000000000e+04
1.517200000000000000e+04
1.518000000000000000e+04
1.518800000000000000e+04
1.519600000000000000e+04
1.520300000000000000e+04
1.520800000000000000e+04
1.521500000000000000e+04
1.522200000000000000e+04
1.522700000000000000e+04
1.523200000000000000e+04
1.523800000000000000e+04
1.524400000000000000e+04
1.525100000000000000e+04
1.525800000000000000e+04
1.526500000000000000e+04
1.527100000000000000e+04
1.527800000000000000e+04
1.528500000000000000e+04
1.529000000000000000e+04
1.529500000000000000e+04
1.530200000000000000e+04
1.530900000000000000e+04
1.531600000000000000e+04
1.532500000000000000e+04
1.533500000000000000e+04
1.534300000000000000e+04
1.535100000000000000e+04
1.535800000000000000e+04
1.536600000000000000e+04
1.537400000000000000e+04
1.538100000000000000e+04
1.538900000000000000e+04
1.539600000000000000e+04
1.540300000000000000e+04
1.541300000000000000e+04
1.542200000000000000e+04
1.543000000000000000e+04
1.543800000000000000e+04
1.544600000000000000e+04
1.545400000000000000e+04
1.546200000000000000e+04
1.547000000000000000e+04
1.547900000000000000e+04
1.548800000000000000e+04
1.549700000000000000e+04
1.550600000000000000e+04
1.551300000000000000e+04
1.552000000000000000e+04
1.552800000000000000e+04
1.553800000000000000e+04
1.554600000000000000e+04
1.555400000000000000e+04
1.556100000000000000e+04
1.556800000000000000e+04
1.557700000000000000e+04
1.558500000000000000e+04
1.559300000000000000e+04
1.560100000000000000e+04
1.560900000000000000e+04
1.561700000000000000e+04
1.562300000000000000e+04
1.562900000000000000e+04
1.563900000000000000e+04
1.564700000000000000e+04
1.565500000000000000e+04
1.566400000000000000e+04
1.567500000000000000e+04
1.568400000000000000e+04
1.569200000000000000e+04
1.570000000000000000e+04
1.570800000000000000e+04
1.571600000000000000e+04
1.572400000000000000e+04
1.573200000000000000e+04
1.573700000000000000e+04
1.574200000000000000e+04
1.574900000000000000e+04
1.575600000000000000e+04
1.576300000000000000e+04
1.577000000000000000e+04
1.577700000000000000e+04
1.578600000000000000e+04
1.579400000000000000e+04
1.580200000000000000e+04
1.581000000000000000e+04
1.581900000000000000e+04
1.582800000000000000e+04
1.583700000000000000e+04
1.584400000000000000e+04
1.585100000000000000e+04
1.586000000000000000e+04
1.586900000000000000e+04
1.587800000000000000e+04
1.588700000000000000e+04
1.589600000000000000e+04
1.590500000000000000e+04
1.591300000000000000e+04
1.592100000000000000e+04
1.593100000000000000e+04
1.594100000000000000e+04
1.595200000000000000e+04
1.596100000000000000e+04
1.596800000000000000e+04
1.597400000000000000e+04
1.598300000000000000e+04
1.599200000000000000e+04
1.600100000000000000e+04
1.601100000000000000e+04
1.601900000000000000e+04
1.602700000000000000e+04
1.603600000000000000e+04
1.604500000000000000e+04
1.605400000000000000e+04
1.606300000000000000e+04
1.607200000000000000e+04
1.608100000000000000e+04
1.608800000000000000e+04
1.609500000000000000e+04
1.610300000000000000e+04
1.611100000000000000e+04
1.612000000000000000e+04
1.612900000000000000e+04
1.613800000000000000e+04
1.614700000000000000e+04
1.615600000000000000e+04
1.616500000000000000e+04
1.617400000000000000e+04
1.618300000000000000e+04
1.619300000000000000e+04
1.620100000000000000e+04
1.620800000000000000e+04
1.621300000000000000e+04
1.622000000000000000e+04
1.622700000000000000e+04
1.623400000000000000e+04
1.624100000000000000e+04
1.624800000000000000e+04
1.625500000000000000e+04
1.626200000000000000e+04
1.626800000000000000e+04
1.627400000000000000e+04
1.628000000000000000e+04
1.628800000000000000e+04
1.629600000000000000e+04
1.630200000000000000e+04
1.630800000000000000e+04
1.631600000000000000e+04
1.632500000000000000e+04
1.633400000000000000e+04
1.634300000000000000e+04
1.635100000000000000e+04
1.635900000000000000e+04
1.636700000000000000e+04
1.637500000000000000e+04
1.638300000000000000e+04
1.639200000000000000e+04
1.640100000000000000e+04
1.641000000000000000e+04
1.641800000000000000e+04
1.642600000000000000e+04
1.643600000000000000e+04
1.644600000000000000e+04
1.645600000000000000e+04
1.646400000000000000e+04
1.647200000000000000e+04
1.648100000000000000e+04
1.649100000000000000e+04
1.649900000000000000e+04
1.650700000000000000e+04
1.651500000000000000e+04
1.652400000000000000e+04
1.653300000000000000e+04
1.654000000000000000e+04
1.654700000000000000e+04
1.655600000000000000e+04
1.656500000000000000e+04
1.657400000000000000e+04
1.658300000000000000e+04
1.659200000000000000e+04
1.660100000000000000e+04
1.660900000000000000e+04
1.661700000000000000e+04
1.662500000000000000e+04
1.663300000000000000e+04
1.664000000000000000e+04
1.664700000000000000e+04
1.665300000000000000e+04
1.666000000000000000e+04
1.666900000000000000e+04
1.667900000000000000e+04
1.668700000000000000e+04
1.669400000000000000e+04
1.670200000000000000e+04
1.671100000000000000e+04
1.671800000000000000e+04
1.672500000000000000e+04
1.673300000000000000e+04
1.674000000000000000e+04
1.674800000000000000e+04
1.675600000000000000e+04
1.676200000000000000e+04
1.676700000000000000e+04
1.677400000000000000e+04
1.678200000000000000e+04
1.678900000000000000e+04
1.679600000000000000e+04
1.680200000000000000e+04
1.680900000000000000e+04
1.681700000000000000e+04
1.682500000000000000e+04
1.683300000000000000e+04
1.684200000000000000e+04
1.685100000000000000e+04
1.686000000000000000e+04
1.686700000000000000e+04
1.687400000000000000e+04
1.688300000000000000e+04
1.689200000000000000e+04
1.690200000000000000e+04
1.691100000000000000e+04
1.691900000000000000e+04
1.692700000000000000e+04
1.693600000000000000e+04
1.694600000000000000e+04
1.695600000000000000e+04
1.696600000000000000e+04
1.697700000000000000e+04
1.698700000000000000e+04
1.699400000000000000e+04
1.700000000000000000e+04
1.700900000000000000e+04
1.701800000000000000e+04
1.702700000000000000e+04
1.703600000000000000e+04
1.704500000000000000e+04
1.705400000000000000e+04
1.706300000000000000e+04
1.707300000000000000e+04
1.708400000000000000e+04
1.709300000000000000e+04
1.710200000000000000e+04
1.711100000000000000e+04
1.711800000000000000e+04
1.712600000000000000e+04
1.713400000000000000e+04
1.714200000000000000e+04
1.715000000000000000e+04
1.715800000000000000e+04
1.716600000000000000e+04
1.717400000000000000e+04
1.718100000000000000e+04
1.718700000000000000e+04
1.719500000000000000e+04
1.720100000000000000e+04
1.720600000000000000e+04
1.721300000000000000e+04
1.722100000000000000e+04
1.722700000000000000e+04
1.723400000000000000e+04
1.724200000000000000e+04
1.724900000000000000e+04
1.725600000000000000e+04
1.726300000000000000e+04
1.727000000000000000e+04
1.727800000000000000e+04
1.728600000000000000e+04
1.729400000000000000e+04
1.730200000000000000e+04
1.731000000000000000e+04
1.731800000000000000e+04
1.732600000000000000e+04
1.733200000000000000e+04
1.733700000000000000e+04
1.734400000000000000e+04
1.735400000000000000e+04
1.736200000000000000e+04
1.737000000000000000e+04
1.737900000000000000e+04
1.738800000000000000e+04
1.739700000000000000e+04
1.740600000000000000e+04
1.741400000000000000e+04
1.742300000000000000e+04
1.743200000000000000e+04
1.744200000000000000e+04
1.744900000000000000e+04
1.745500000000000000e+04
1.746300000000000000e+04
1.747100000000000000e+04
1.748000000000000000e+04
1.748700000000000000e+04
1.749200000000000000e+04
1.749900000000000000e+04
1.750600000000000000e+04
1.751200000000000000e+04
1.751800000000000000e+04
1.752500000000000000e+04
1.753200000000000000e+04
1.753900000000000000e+04
1.754400000000000000e+04
1.754900000000000000e+04
1.755600000000000000e+04
1.756300000000000000e+04
1.757000000000000000e+04
1.757700000000000000e+04
1.758400000000000000e+04
1.759100000000000000e+04
1.759800000000000000e+04
1.760700000000000000e+04
1.761400000000000000e+04
1.762100000000000000e+04
1.762800000000000000e+04
1.763500000000000000e+04
1.763900000000000000e+04
1.764500000000000000e+04
1.765000000000000000e+04
1.765400000000000000e+04
1.765800000000000000e+04
1.766400000000000000e+04
1.767000000000000000e+04
1.767700000000000000e+04
1.768200000000000000e+04
1.768700000000000000e+04
1.769400000000000000e+04
1.770100000000000000e+04
1.770900000000000000e+04
1.771500000000000000e+04
1.772100000000000000e+04
1.772700000000000000e+04
1.773300000000000000e+04
1.773700000000000000e+04
1.774100000000000000e+04
1.774700000000000000e+04
1.775400000000000000e+04
1.776100000000000000e+04
1.776800000000000000e+04
1.777500000000000000e+04
1.778400000000000000e+04
1.779000000000000000e+04
1.779600000000000000e+04
1.780300000000000000e+04
1.781000000000000000e+04
1.781500000000000000e+04
1.782200000000000000e+04
1.782900000000000000e+04
1.783400000000000000e+04
1.783900000000000000e+04
1.784400000000000000e+04
1.784900000000000000e+04
1.785400000000000000e+04
1.785900000000000000e+04
1.786400000000000000e+04
1.786900000000000000e+04
1.787600000000000000e+04
1.788400000000000000e+04
1.789200000000000000e+04
1.790000000000000000e+04
1.790800000000000000e+04
1.791600000000000000e+04
1.792400000000000000e+04
1.793100000000000000e+04
1.793800000000000000e+04
1.794400000000000000e+04
1.795100000000000000e+04
1.795800000000000000e+04
1.796500000000000000e+04
1.797200000000000000e+04
1.797900000000000000e+04
1.798600000000000000e+04
1.799300000000000000e+04
1.800000000000000000e+04
1.800700000000000000e+04
1.801400000000000000e+04
1.802100000000000000e+04
1.802800000000000000e+04
1.803600000000000000e+04
1.804400000000000000e+04
1.805200000000000000e+04
1.806000000000000000e+04
1.806800000000000000e+04
1.807500000000000000e+04
1.808400000000000000e+04
1.809000000000000000e+04
1.809600000000000000e+04
1.810300000000000000e+04
1.811000000000000000e+04
1.811800000000000000e+04
1.812400000000000000e+04
1.813000000000000000e+04
1.813700000000000000e+04
1.814200000000000000e+04
1.814900000000000000e+04
1.815600000000000000e+04
1.816300000000000000e+04
1.817000000000000000e+04
1.817700000000000000e+04
1.818400000000000000e+04
1.819200000000000000e+04
1.820000000000000000e+04
1.820800000000000000e+04
1.821600000000000000e+04
1.822400000000000000e+04
1.823200000000000000e+04
1.824000000000000000e+04
1.824400000000000000e+04
1.825000000000000000e+04
1.825700000000000000e+04
1.826400000000000000e+04
1.827100000000000000e+04
1.827800000000000000e+04
1.828500000000000000e+04
1.829200000000000000e+04
1.829900000000000000e+04
1.830600000000000000e+04
1.831300000000000000e+04
1.832000000000000000e+04
1.832800000000000000e+04
1.833800000000000000e+04
1.834400000000000000e+04
1.835200000000000000e+04
1.836000000000000000e+04
1.836800000000000000e+04
1.837600000000000000e+04
1.838400000000000000e+04
1.839200000000000000e+04
1.840000000000000000e+04
1.840700000000000000e+04
1.841400000000000000e+04
1.842200000000000000e+04
1.843000000000000000e+04
1.843900000000000000e+04
1.844800000000000000e+04
1.845500000000000000e+04
1.846500000000000000e+04
1.847300000000000000e+04
1.848000000000000000e+04
1.849000000000000000e+04
1.849700000000000000e+04
1.850400000000000000e+04
1.851100000000000000e+04
1.851700000000000000e+04
1.852300000000000000e+04
1.852900000000000000e+04
1.853500000000000000e+04
1.854200000000000000e+04
1.854900000000000000e+04
1.855600000000000000e+04
1.856500000000000000e+04
1.857300000000000000e+04
1.858100000000000000e+04
1.859000000000000000e+04
1.859900000000000000e+04
1.860800000000000000e+04
1.861700000000000000e+04
1.862600000000000000e+04
1.863500000000000000e+04
1.864400000000000000e+04
1.865300000000000000e+04
1.866200000000000000e+04
1.867100000000000000e+04
1.867800000000000000e+04
1.868700000000000000e+04
1.869600000000000000e+04
1.870500000000000000e+04
1.871400000000000000e+04
1.872300000000000000e+04
1.873200000000000000e+04
1.874100000000000000e+04
1.875000000000000000e+04
1.875900000000000000e+04
1.876700000000000000e+04
1.877500000000000000e+04
1.878400000000000000e+04
1.879300000000000000e+04
1.880000000000000000e+04
1.880800000000000000e+04
1.881600000000000000e+04
1.882400000000000000e+04
1.883200000000000000e+04
1.884000000000000000e+04
1.884900000000000000e+04
1.885600000000000000e+04
1.886300000000000000e+04
1.887000000000000000e+04
1.887700000000000000e+04
1.888500000000000000e+04
1.889300000000000000e+04
1.890100000000000000e+04
1.890700000000000000e+04
1.891500000000000000e+04
1.892400000000000000e+04
1.893200000000000000e+04
1.893900000000000000e+04
1.894700000000000000e+04
1.895700000000000000e+04
1.896500000000000000e+04
1.897400000000000000e+04
1.898300000000000000e+04
1.899200000000000000e+04
1.900000000000000000e+04
1.900700000000000000e+04
1.901400000000000000e+04
1.901900000000000000e+04
1.902700000000000000e+04
1.903700000000000000e+04
1.904500000000000000e+04
1.905300000000000000e+04
1.906100000000000000e+04
1.906900000000000000e+04
1.907700000000000000e+04
1.908500000000000000e+04
1.909300000000000000e+04
1.910100000000000000e+04
1.910900000000000000e+04
1.911600000000000000e+04
1.912300000000000000e+04
1.912800000000000000e+04
1.913500000000000000e+04
1.914200000000000000e+04
