0.000000000000000000e+00
2.300000000000000000e+01
5.200000000000000000e+01
7.800000000000000000e+01
1.010000000000000000e+02
1.200000000000000000e+02
1.410000000000000000e+02
1.590000000000000000e+02
1.770000000000000000e+02
1.970000000000000000e+02
2.150000000000000000e+02
2.320000000000000000e+02
2.490000000000000000e+02
2.660000000000000000e+02
2.820000000000000000e+02
3.000000000000000000e+02
3.150000000000000000e+02
3.300000000000000000e+02
3.430000000000000000e+02
3.560000000000000000e+02
3.670000000000000000e+02
3.820000000000000000e+02
3.930000000000000000e+02
4.020000000000000000e+02
4.130000000000000000e+02
4.230000000000000000e+02
4.300000000000000000e+02
4.360000000000000000e+02
4.430000000000000000e+02
4.510000000000000000e+02
4.600000000000000000e+02
4.670000000000000000e+02
4.730000000000000000e+02
4.790000000000000000e+02
4.860000000000000000e+02
4.930000000000000000e+02
5.000000000000000000e+02
5.090000000000000000e+02
5.180000000000000000e+02
5.260000000000000000e+02
5.350000000000000000e+02
5.430000000000000000e+02
5.500000000000000000e+02
5.570000000000000000e+02
5.630000000000000000e+02
5.690000000000000000e+02
5.750000000000000000e+02
5.810000000000000000e+02
5.880000000000000000e+02
5.950000000000000000e+02
6.020000000000000000e+02
6.090000000000000000e+02
6.160000000000000000e+02
6.260000000000000000e+02
6.350000000000000000e+02
6.420000000000000000e+02
6.490000000000000000e+02
6.560000000000000000e+02
6.630000000000000000e+02
6.680000000000000000e+02
6.760000000000000000e+02
6.850000000000000000e+02
6.960000000000000000e+02
7.030000000000000000e+02
7.090000000000000000e+02
7.150000000000000000e+02
7.240000000000000000e+02
7.320000000000000000e+02
7.380000000000000000e+02
7.420000000000000000e+02
7.450000000000000000e+02
7.480000000000000000e+02
7.520000000000000000e+02
7.580000000000000000e+02
7.630000000000000000e+02
7.680000000000000000e+02
7.730000000000000000e+02
7.790000000000000000e+02
7.840000000000000000e+02
7.890000000000000000e+02
7.930000000000000000e+02
7.990000000000000000e+02
8.050000000000000000e+02
8.100000000000000000e+02
8.150000000000000000e+02
8.210000000000000000e+02
8.280000000000000000e+02
8.340000000000000000e+02
8.410000000000000000e+02
8.470000000000000000e+02
8.540000000000000000e+02
8.590000000000000000e+02
8.640000000000000000e+02
8.710000000000000000e+02
8.770000000000000000e+02
8.820000000000000000e+02
8.870000000000000000e+02
8.930000000000000000e+02
8.970000000000000000e+02
9.000000000000000000e+02
9.050000000000000000e+02
9.080000000000000000e+02
9.110000000000000000e+02
9.150000000000000000e+02
9.170000000000000000e+02
9.210000000000000000e+02
9.260000000000000000e+02
9.310000000000000000e+02
9.360000000000000000e+02
9.390000000000000000e+02
9.430000000000000000e+02
9.470000000000000000e+02
9.500000000000000000e+02
9.530000000000000000e+02
9.550000000000000000e+02
9.580000000000000000e+02
9.620000000000000000e+02
9.660000000000000000e+02
9.700000000000000000e+02
9.740000000000000000e+02
9.800000000000000000e+02
9.850000000000000000e+02
9.880000000000000000e+02
9.910000000000000000e+02
9.940000000000000000e+02
9.970000000000000000e+02
1.002000000000000000e+03
1.006000000000000000e+03
1.011000000000000000e+03
1.014000000000000000e+03
1.017000000000000000e+03
1.021000000000000000e+03
1.024000000000000000e+03
1.029000000000000000e+03
1.032000000000000000e+03
1.035000000000000000e+03
1.038000000000000000e+03
1.041000000000000000e+03
1.044000000000000000e+03
1.048000000000000000e+03
1.051000000000000000e+03
1.058000000000000000e+03
1.063000000000000000e+03
1.068000000000000000e+03
1.074000000000000000e+03
1.080000000000000000e+03
1.086000000000000000e+03
1.092000000000000000e+03
1.097000000000000000e+03
1.104000000000000000e+03
1.111000000000000000e+03
1.118000000000000000e+03
1.123000000000000000e+03
1.128000000000000000e+03
1.133000000000000000e+03
1.138000000000000000e+03
1.143000000000000000e+03
1.148000000000000000e+03
1.153000000000000000e+03
1.158000000000000000e+03
1.163000000000000000e+03
1.168000000000000000e+03
1.174000000000000000e+03
1.181000000000000000e+03
1.186000000000000000e+03
1.191000000000000000e+03
1.195000000000000000e+03
1.198000000000000000e+03
1.201000000000000000e+03
1.204000000000000000e+03
1.206000000000000000e+03
1.208000000000000000e+03
1.212000000000000000e+03
1.216000000000000000e+03
1.221000000000000000e+03
1.226000000000000000e+03
1.231000000000000000e+03
1.237000000000000000e+03
1.243000000000000000e+03
1.249000000000000000e+03
1.256000000000000000e+03
1.264000000000000000e+03
1.270000000000000000e+03
1.276000000000000000e+03
1.283000000000000000e+03
1.291000000000000000e+03
1.296000000000000000e+03
1.301000000000000000e+03
1.306000000000000000e+03
1.311000000000000000e+03
1.316000000000000000e+03
1.321000000000000000e+03
1.326000000000000000e+03
1.329000000000000000e+03
1.333000000000000000e+03
1.337000000000000000e+03
1.341000000000000000e+03
1.345000000000000000e+03
1.349000000000000000e+03
1.353000000000000000e+03
1.357000000000000000e+03
1.361000000000000000e+03
1.364000000000000000e+03
1.367000000000000000e+03
1.370000000000000000e+03
1.373000000000000000e+03
1.376000000000000000e+03
1.379000000000000000e+03
1.382000000000000000e+03
1.385000000000000000e+03
1.388000000000000000e+03
1.391000000000000000e+03
1.394000000000000000e+03
1.397000000000000000e+03
1.402000000000000000e+03
1.405000000000000000e+03
1.409000000000000000e+03
1.412000000000000000e+03
1.414000000000000000e+03
1.416000000000000000e+03
1.417000000000000000e+03
1.419000000000000000e+03
1.423000000000000000e+03
1.427000000000000000e+03
1.431000000000000000e+03
1.435000000000000000e+03
1.439000000000000000e+03
1.443000000000000000e+03
1.447000000000000000e+03
1.451000000000000000e+03
1.455000000000000000e+03
1.459000000000000000e+03
1.464000000000000000e+03
1.468000000000000000e+03
1.473000000000000000e+03
1.477000000000000000e+03
1.480000000000000000e+03
1.484000000000000000e+03
1.486000000000000000e+03
1.488000000000000000e+03
1.490000000000000000e+03
1.492000000000000000e+03
1.495000000000000000e+03
1.499000000000000000e+03
1.502000000000000000e+03
1.505000000000000000e+03
1.508000000000000000e+03
1.512000000000000000e+03
1.516000000000000000e+03
1.520000000000000000e+03
1.524000000000000000e+03
1.528000000000000000e+03
1.532000000000000000e+03
1.536000000000000000e+03
1.540000000000000000e+03
1.544000000000000000e+03
1.549000000000000000e+03
1.554000000000000000e+03
1.557000000000000000e+03
1.562000000000000000e+03
1.567000000000000000e+03
1.572000000000000000e+03
1.578000000000000000e+03
1.582000000000000000e+03
1.586000000000000000e+03
1.590000000000000000e+03
1.594000000000000000e+03
1.598000000000000000e+03
1.603000000000000000e+03
1.608000000000000000e+03
1.613000000000000000e+03
1.618000000000000000e+03
1.624000000000000000e+03
1.628000000000000000e+03
1.632000000000000000e+03
1.637000000000000000e+03
1.642000000000000000e+03
1.646000000000000000e+03
1.650000000000000000e+03
1.656000000000000000e+03
1.660000000000000000e+03
1.662000000000000000e+03
1.664000000000000000e+03
1.666000000000000000e+03
1.669000000000000000e+03
1.672000000000000000e+03
1.675000000000000000e+03
1.678000000000000000e+03
1.681000000000000000e+03
1.684000000000000000e+03
1.687000000000000000e+03
1.691000000000000000e+03
1.693000000000000000e+03
1.695000000000000000e+03
1.697000000000000000e+03
1.699000000000000000e+03
1.700000000000000000e+03
1.700000000000000000e+03
1.701000000000000000e+03
1.702000000000000000e+03
1.703000000000000000e+03
1.705000000000000000e+03
1.706000000000000000e+03
1.708000000000000000e+03
1.710000000000000000e+03
1.713000000000000000e+03
1.717000000000000000e+03
1.721000000000000000e+03
1.726000000000000000e+03
1.729000000000000000e+03
1.733000000000000000e+03
1.737000000000000000e+03
1.741000000000000000e+03
1.745000000000000000e+03
1.749000000000000000e+03
1.752000000000000000e+03
1.755000000000000000e+03
1.759000000000000000e+03
1.764000000000000000e+03
1.768000000000000000e+03
1.771000000000000000e+03
1.774000000000000000e+03
1.778000000000000000e+03
1.780000000000000000e+03
1.781000000000000000e+03
1.782000000000000000e+03
1.784000000000000000e+03
1.787000000000000000e+03
1.788000000000000000e+03
1.789000000000000000e+03
1.790000000000000000e+03
1.791000000000000000e+03
1.791000000000000000e+03
1.792000000000000000e+03
1.793000000000000000e+03
1.794000000000000000e+03
1.795000000000000000e+03
1.796000000000000000e+03
1.798000000000000000e+03
1.800000000000000000e+03
1.803000000000000000e+03
1.806000000000000000e+03
1.809000000000000000e+03
1.812000000000000000e+03
1.815000000000000000e+03
1.818000000000000000e+03
1.821000000000000000e+03
1.826000000000000000e+03
1.829000000000000000e+03
1.832000000000000000e+03
1.836000000000000000e+03
1.838000000000000000e+03
1.841000000000000000e+03
1.843000000000000000e+03
1.845000000000000000e+03
1.847000000000000000e+03
1.849000000000000000e+03
1.851000000000000000e+03
1.853000000000000000e+03
1.855000000000000000e+03
1.857000000000000000e+03
1.860000000000000000e+03
1.863000000000000000e+03
1.866000000000000000e+03
1.870000000000000000e+03
1.873000000000000000e+03
1.876000000000000000e+03
1.880000000000000000e+03
1.882000000000000000e+03
1.886000000000000000e+03
1.889000000000000000e+03
1.891000000000000000e+03
1.892000000000000000e+03
1.893000000000000000e+03
1.894000000000000000e+03
1.895000000000000000e+03
1.896000000000000000e+03
1.897000000000000000e+03
1.898000000000000000e+03
1.899000000000000000e+03
1.901000000000000000e+03
1.903000000000000000e+03
1.908000000000000000e+03
1.911000000000000000e+03
1.914000000000000000e+03
1.917000000000000000e+03
1.920000000000000000e+03
1.923000000000000000e+03
1.927000000000000000e+03
1.929000000000000000e+03
1.931000000000000000e+03
1.933000000000000000e+03
1.936000000000000000e+03
1.937000000000000000e+03
1.939000000000000000e+03
1.941000000000000000e+03
1.943000000000000000e+03
1.945000000000000000e+03
1.947000000000000000e+03
1.949000000000000000e+03
1.951000000000000000e+03
1.953000000000000000e+03
1.955000000000000000e+03
1.958000000000000000e+03
1.961000000000000000e+03
1.964000000000000000e+03
1.968000000000000000e+03
1.970000000000000000e+03
1.972000000000000000e+03
1.974000000000000000e+03
1.976000000000000000e+03
1.978000000000000000e+03
1.980000000000000000e+03
1.982000000000000000e+03
1.984000000000000000e+03
1.986000000000000000e+03
1.988000000000000000e+03
1.992000000000000000e+03
1.996000000000000000e+03
2.000000000000000000e+03
2.004000000000000000e+03
2.009000000000000000e+03
2.012000000000000000e+03
2.015000000000000000e+03
2.019000000000000000e+03
2.024000000000000000e+03
2.029000000000000000e+03
2.034000000000000000e+03
2.039000000000000000e+03
2.044000000000000000e+03
2.049000000000000000e+03
2.053000000000000000e+03
2.058000000000000000e+03
2.062000000000000000e+03
2.067000000000000000e+03
2.070000000000000000e+03
2.074000000000000000e+03
2.079000000000000000e+03
2.082000000000000000e+03
2.085000000000000000e+03
2.088000000000000000e+03
2.091000000000000000e+03
2.094000000000000000e+03
2.097000000000000000e+03
2.100000000000000000e+03
2.103000000000000000e+03
2.107000000000000000e+03
2.110000000000000000e+03
2.113000000000000000e+03
2.114000000000000000e+03
2.115000000000000000e+03
2.116000000000000000e+03
2.117000000000000000e+03
2.118000000000000000e+03
2.119000000000000000e+03
2.120000000000000000e+03
2.121000000000000000e+03
2.122000000000000000e+03
2.123000000000000000e+03
2.124000000000000000e+03
2.125000000000000000e+03
2.126000000000000000e+03
2.127000000000000000e+03
2.128000000000000000e+03
2.129000000000000000e+03
2.130000000000000000e+03
2.132000000000000000e+03
2.134000000000000000e+03
2.136000000000000000e+03
2.138000000000000000e+03
2.139000000000000000e+03
2.140000000000000000e+03
2.141000000000000000e+03
2.142000000000000000e+03
2.144000000000000000e+03
2.146000000000000000e+03
2.149000000000000000e+03
2.150000000000000000e+03
2.152000000000000000e+03
2.154000000000000000e+03
2.156000000000000000e+03
2.158000000000000000e+03
2.161000000000000000e+03
2.163000000000000000e+03
2.165000000000000000e+03
2.167000000000000000e+03
2.169000000000000000e+03
2.171000000000000000e+03
2.173000000000000000e+03
2.175000000000000000e+03
2.178000000000000000e+03
2.179000000000000000e+03
2.181000000000000000e+03
2.181000000000000000e+03
2.181000000000000000e+03
2.181000000000000000e+03
2.181000000000000000e+03
2.181000000000000000e+03
2.181000000000000000e+03
2.181000000000000000e+03
2.181000000000000000e+03
2.181000000000000000e+03
2.181000000000000000e+03
2.182000000000000000e+03
2.183000000000000000e+03
2.184000000000000000e+03
2.185000000000000000e+03
2.186000000000000000e+03
2.187000000000000000e+03
2.189000000000000000e+03
2.191000000000000000e+03
2.193000000000000000e+03
2.195000000000000000e+03
2.197000000000000000e+03
2.199000000000000000e+03
2.201000000000000000e+03
2.203000000000000000e+03
2.205000000000000000e+03
2.208000000000000000e+03
2.209000000000000000e+03
2.211000000000000000e+03
2.213000000000000000e+03
2.215000000000000000e+03
2.217000000000000000e+03
2.219000000000000000e+03
2.221000000000000000e+03
2.223000000000000000e+03
2.225000000000000000e+03
2.227000000000000000e+03
2.229000000000000000e+03
2.232000000000000000e+03
2.235000000000000000e+03
2.237000000000000000e+03
2.240000000000000000e+03
2.243000000000000000e+03
2.246000000000000000e+03
2.249000000000000000e+03
2.252000000000000000e+03
2.255000000000000000e+03
2.258000000000000000e+03
2.261000000000000000e+03
2.264000000000000000e+03
2.266000000000000000e+03
2.268000000000000000e+03
2.270000000000000000e+03
2.272000000000000000e+03
2.274000000000000000e+03
2.277000000000000000e+03
2.278000000000000000e+03
2.279000000000000000e+03
2.281000000000000000e+03
2.283000000000000000e+03
2.285000000000000000e+03
2.287000000000000000e+03
2.289000000000000000e+03
2.291000000000000000e+03
2.293000000000000000e+03
2.295000000000000000e+03
2.298000000000000000e+03
2.299000000000000000e+03
2.300000000000000000e+03
2.301000000000000000e+03
2.302000000000000000e+03
2.303000000000000000e+03
2.303000000000000000e+03
2.304000000000000000e+03
2.305000000000000000e+03
2.306000000000000000e+03
2.307000000000000000e+03
2.308000000000000000e+03
2.309000000000000000e+03
2.310000000000000000e+03
2.311000000000000000e+03
2.313000000000000000e+03
2.315000000000000000e+03
2.317000000000000000e+03
2.319000000000000000e+03
2.321000000000000000e+03
2.323000000000000000e+03
2.325000000000000000e+03
2.327000000000000000e+03
2.328000000000000000e+03
2.329000000000000000e+03
2.330000000000000000e+03
2.331000000000000000e+03
2.332000000000000000e+03
2.333000000000000000e+03
2.334000000000000000e+03
2.335000000000000000e+03
2.336000000000000000e+03
2.338000000000000000e+03
2.340000000000000000e+03
2.342000000000000000e+03
2.345000000000000000e+03
2.348000000000000000e+03
2.351000000000000000e+03
2.354000000000000000e+03
2.357000000000000000e+03
2.361000000000000000e+03
2.363000000000000000e+03
2.365000000000000000e+03
2.367000000000000000e+03
2.371000000000000000e+03
2.373000000000000000e+03
2.374000000000000000e+03
2.374000000000000000e+03
2.374000000000000000e+03
2.374000000000000000e+03
2.374000000000000000e+03
2.375000000000000000e+03
2.376000000000000000e+03
2.377000000000000000e+03
2.378000000000000000e+03
2.379000000000000000e+03
2.380000000000000000e+03
2.381000000000000000e+03
2.382000000000000000e+03
2.383000000000000000e+03
2.385000000000000000e+03
2.387000000000000000e+03
2.389000000000000000e+03
2.390000000000000000e+03
2.391000000000000000e+03
2.392000000000000000e+03
2.393000000000000000e+03
2.394000000000000000e+03
2.395000000000000000e+03
2.396000000000000000e+03
2.397000000000000000e+03
2.398000000000000000e+03
2.399000000000000000e+03
2.400000000000000000e+03
2.401000000000000000e+03
2.402000000000000000e+03
2.403000000000000000e+03
2.404000000000000000e+03
2.405000000000000000e+03
2.407000000000000000e+03
2.408000000000000000e+03
2.410000000000000000e+03
2.413000000000000000e+03
2.414000000000000000e+03
2.416000000000000000e+03
2.418000000000000000e+03
2.420000000000000000e+03
2.422000000000000000e+03
2.424000000000000000e+03
2.426000000000000000e+03
2.428000000000000000e+03
2.430000000000000000e+03
2.432000000000000000e+03
2.434000000000000000e+03
2.436000000000000000e+03
2.438000000000000000e+03
2.440000000000000000e+03
2.442000000000000000e+03
2.444000000000000000e+03
2.447000000000000000e+03
2.448000000000000000e+03
2.449000000000000000e+03
2.450000000000000000e+03
2.451000000000000000e+03
2.452000000000000000e+03
2.453000000000000000e+03
2.454000000000000000e+03
2.456000000000000000e+03
2.458000000000000000e+03
2.460000000000000000e+03
2.462000000000000000e+03
2.465000000000000000e+03
2.467000000000000000e+03
2.468000000000000000e+03
2.469000000000000000e+03
2.470000000000000000e+03
2.470000000000000000e+03
2.471000000000000000e+03
2.472000000000000000e+03
2.473000000000000000e+03
2.474000000000000000e+03
2.475000000000000000e+03
2.476000000000000000e+03
2.478000000000000000e+03
2.480000000000000000e+03
2.483000000000000000e+03
2.484000000000000000e+03
2.485000000000000000e+03
2.486000000000000000e+03
2.487000000000000000e+03
2.488000000000000000e+03
2.489000000000000000e+03
2.490000000000000000e+03
2.491000000000000000e+03
2.492000000000000000e+03
2.493000000000000000e+03
2.494000000000000000e+03
2.495000000000000000e+03
2.495000000000000000e+03
2.496000000000000000e+03
2.497000000000000000e+03
2.498000000000000000e+03
2.499000000000000000e+03
2.500000000000000000e+03
2.501000000000000000e+03
2.502000000000000000e+03
2.503000000000000000e+03
2.504000000000000000e+03
2.505000000000000000e+03
2.506000000000000000e+03
2.507000000000000000e+03
2.508000000000000000e+03
2.509000000000000000e+03
2.510000000000000000e+03
2.511000000000000000e+03
2.512000000000000000e+03
2.514000000000000000e+03
2.515000000000000000e+03
2.515000000000000000e+03
2.515000000000000000e+03
2.515000000000000000e+03
2.515000000000000000e+03
2.515000000000000000e+03
2.516000000000000000e+03
2.519000000000000000e+03
2.520000000000000000e+03
2.522000000000000000e+03
2.524000000000000000e+03
2.527000000000000000e+03
2.528000000000000000e+03
2.529000000000000000e+03
2.530000000000000000e+03
2.533000000000000000e+03
2.535000000000000000e+03
2.537000000000000000e+03
2.539000000000000000e+03
2.541000000000000000e+03
2.543000000000000000e+03
2.545000000000000000e+03
2.547000000000000000e+03
2.549000000000000000e+03
2.551000000000000000e+03
2.553000000000000000e+03
2.555000000000000000e+03
2.557000000000000000e+03
2.559000000000000000e+03
2.561000000000000000e+03
2.563000000000000000e+03
2.565000000000000000e+03
2.566000000000000000e+03
2.569000000000000000e+03
2.572000000000000000e+03
2.575000000000000000e+03
2.578000000000000000e+03
2.581000000000000000e+03
2.584000000000000000e+03
2.587000000000000000e+03
2.590000000000000000e+03
2.593000000000000000e+03
2.596000000000000000e+03
2.599000000000000000e+03
2.602000000000000000e+03
2.605000000000000000e+03
2.608000000000000000e+03
2.610000000000000000e+03
2.613000000000000000e+03
2.615000000000000000e+03
2.619000000000000000e+03
2.621000000000000000e+03
2.623000000000000000e+03
2.625000000000000000e+03
2.628000000000000000e+03
2.629000000000000000e+03
2.630000000000000000e+03
2.631000000000000000e+03
2.632000000000000000e+03
2.633000000000000000e+03
2.634000000000000000e+03
2.635000000000000000e+03
2.636000000000000000e+03
2.637000000000000000e+03
2.638000000000000000e+03
2.639000000000000000e+03
2.640000000000000000e+03
2.641000000000000000e+03
2.642000000000000000e+03
2.642000000000000000e+03
2.643000000000000000e+03
2.645000000000000000e+03
2.647000000000000000e+03
2.651000000000000000e+03
2.654000000000000000e+03
2.655000000000000000e+03
2.657000000000000000e+03
2.659000000000000000e+03
2.661000000000000000e+03
2.663000000000000000e+03
2.665000000000000000e+03
2.667000000000000000e+03
2.669000000000000000e+03
2.671000000000000000e+03
2.673000000000000000e+03
2.675000000000000000e+03
2.677000000000000000e+03
2.679000000000000000e+03
2.681000000000000000e+03
2.683000000000000000e+03
2.685000000000000000e+03
2.688000000000000000e+03
2.691000000000000000e+03
2.694000000000000000e+03
2.697000000000000000e+03
2.700000000000000000e+03
2.703000000000000000e+03
2.707000000000000000e+03
2.709000000000000000e+03
2.711000000000000000e+03
2.713000000000000000e+03
2.714000000000000000e+03
2.715000000000000000e+03
2.716000000000000000e+03
2.716000000000000000e+03
2.716000000000000000e+03
2.716000000000000000e+03
2.716000000000000000e+03
2.716000000000000000e+03
2.716000000000000000e+03
2.718000000000000000e+03
2.718000000000000000e+03
2.718000000000000000e+03
2.718000000000000000e+03
2.718000000000000000e+03
2.719000000000000000e+03
2.720000000000000000e+03
2.721000000000000000e+03
2.723000000000000000e+03
2.724000000000000000e+03
2.726000000000000000e+03
2.728000000000000000e+03
2.730000000000000000e+03
2.732000000000000000e+03
2.734000000000000000e+03
2.737000000000000000e+03
2.738000000000000000e+03
2.740000000000000000e+03
2.742000000000000000e+03
2.745000000000000000e+03
2.749000000000000000e+03
2.752000000000000000e+03
2.755000000000000000e+03
2.758000000000000000e+03
2.761000000000000000e+03
2.764000000000000000e+03
2.767000000000000000e+03
2.770000000000000000e+03
2.773000000000000000e+03
2.777000000000000000e+03
2.779000000000000000e+03
2.781000000000000000e+03
2.783000000000000000e+03
2.785000000000000000e+03
2.787000000000000000e+03
2.789000000000000000e+03
2.791000000000000000e+03
2.793000000000000000e+03
2.795000000000000000e+03
2.797000000000000000e+03
2.799000000000000000e+03
2.801000000000000000e+03
2.803000000000000000e+03
2.805000000000000000e+03
2.807000000000000000e+03
2.809000000000000000e+03
2.811000000000000000e+03
2.813000000000000000e+03
2.816000000000000000e+03
2.818000000000000000e+03
2.822000000000000000e+03
2.824000000000000000e+03
2.826000000000000000e+03
2.828000000000000000e+03
2.830000000000000000e+03
2.832000000000000000e+03
2.834000000000000000e+03
2.837000000000000000e+03
2.838000000000000000e+03
2.839000000000000000e+03
2.840000000000000000e+03
2.841000000000000000e+03
2.843000000000000000e+03
2.845000000000000000e+03
2.847000000000000000e+03
2.849000000000000000e+03
2.851000000000000000e+03
2.853000000000000000e+03
2.855000000000000000e+03
2.856000000000000000e+03
2.857000000000000000e+03
2.859000000000000000e+03
2.859000000000000000e+03
2.860000000000000000e+03
2.861000000000000000e+03
2.862000000000000000e+03
2.863000000000000000e+03
2.864000000000000000e+03
2.865000000000000000e+03
2.866000000000000000e+03
2.867000000000000000e+03
2.868000000000000000e+03
2.869000000000000000e+03
2.870000000000000000e+03
2.871000000000000000e+03
2.872000000000000000e+03
2.872000000000000000e+03
2.872000000000000000e+03
2.872000000000000000e+03
2.873000000000000000e+03
2.874000000000000000e+03
2.875000000000000000e+03
2.878000000000000000e+03
2.881000000000000000e+03
2.884000000000000000e+03
2.887000000000000000e+03
2.890000000000000000e+03
2.893000000000000000e+03
2.896000000000000000e+03
2.900000000000000000e+03
2.902000000000000000e+03
2.905000000000000000e+03
2.908000000000000000e+03
2.911000000000000000e+03
2.913000000000000000e+03
2.915000000000000000e+03
2.919000000000000000e+03
2.921000000000000000e+03
2.923000000000000000e+03
2.925000000000000000e+03
2.927000000000000000e+03
2.929000000000000000e+03
2.931000000000000000e+03
2.934000000000000000e+03
2.935000000000000000e+03
2.936000000000000000e+03
2.937000000000000000e+03
2.938000000000000000e+03
2.939000000000000000e+03
2.940000000000000000e+03
2.941000000000000000e+03
2.941000000000000000e+03
2.942000000000000000e+03
2.943000000000000000e+03
2.944000000000000000e+03
2.945000000000000000e+03
2.946000000000000000e+03
2.947000000000000000e+03
2.948000000000000000e+03
2.949000000000000000e+03
2.950000000000000000e+03
2.952000000000000000e+03
2.954000000000000000e+03
2.956000000000000000e+03
2.958000000000000000e+03
2.960000000000000000e+03
2.962000000000000000e+03
2.964000000000000000e+03
2.966000000000000000e+03
2.968000000000000000e+03
2.971000000000000000e+03
2.975000000000000000e+03
2.977000000000000000e+03
2.980000000000000000e+03
2.983000000000000000e+03
2.985000000000000000e+03
2.987000000000000000e+03
2.990000000000000000e+03
2.993000000000000000e+03
2.996000000000000000e+03
2.999000000000000000e+03
3.002000000000000000e+03
3.005000000000000000e+03
3.008000000000000000e+03
3.011000000000000000e+03
3.013000000000000000e+03
3.015000000000000000e+03
3.016000000000000000e+03
3.018000000000000000e+03
3.019000000000000000e+03
3.020000000000000000e+03
3.022000000000000000e+03
3.025000000000000000e+03
3.026000000000000000e+03
3.027000000000000000e+03
3.028000000000000000e+03
3.029000000000000000e+03
3.030000000000000000e+03
3.031000000000000000e+03
3.032000000000000000e+03
3.033000000000000000e+03
3.034000000000000000e+03
3.035000000000000000e+03
3.036000000000000000e+03
3.038000000000000000e+03
3.040000000000000000e+03
3.042000000000000000e+03
3.044000000000000000e+03
3.046000000000000000e+03
3.047000000000000000e+03
3.048000000000000000e+03
3.050000000000000000e+03
3.050000000000000000e+03
3.050000000000000000e+03
3.050000000000000000e+03
3.050000000000000000e+03
3.050000000000000000e+03
3.050000000000000000e+03
3.050000000000000000e+03
3.051000000000000000e+03
3.052000000000000000e+03
3.053000000000000000e+03
3.055000000000000000e+03
3.057000000000000000e+03
3.059000000000000000e+03
3.061000000000000000e+03
3.063000000000000000e+03
3.065000000000000000e+03
3.067000000000000000e+03
3.069000000000000000e+03
3.071000000000000000e+03
3.073000000000000000e+03
3.075000000000000000e+03
3.077000000000000000e+03
3.080000000000000000e+03
3.082000000000000000e+03
3.084000000000000000e+03
3.086000000000000000e+03
3.088000000000000000e+03
3.090000000000000000e+03
3.092000000000000000e+03
3.094000000000000000e+03
3.095000000000000000e+03
3.096000000000000000e+03
3.097000000000000000e+03
3.098000000000000000e+03
3.101000000000000000e+03
3.105000000000000000e+03
3.108000000000000000e+03
3.110000000000000000e+03
3.112000000000000000e+03
3.115000000000000000e+03
3.116000000000000000e+03
3.117000000000000000e+03
3.118000000000000000e+03
3.119000000000000000e+03
3.120000000000000000e+03
3.121000000000000000e+03
3.122000000000000000e+03
3.123000000000000000e+03
3.124000000000000000e+03
3.125000000000000000e+03
3.126000000000000000e+03
3.127000000000000000e+03
3.128000000000000000e+03
3.129000000000000000e+03
3.130000000000000000e+03
3.131000000000000000e+03
3.132000000000000000e+03
3.133000000000000000e+03
3.134000000000000000e+03
3.136000000000000000e+03
3.139000000000000000e+03
3.142000000000000000e+03
3.144000000000000000e+03
3.145000000000000000e+03
3.147000000000000000e+03
3.149000000000000000e+03
3.151000000000000000e+03
3.153000000000000000e+03
3.155000000000000000e+03
3.157000000000000000e+03
3.159000000000000000e+03
3.161000000000000000e+03
3.163000000000000000e+03
3.165000000000000000e+03
3.167000000000000000e+03
3.169000000000000000e+03
3.171000000000000000e+03
3.173000000000000000e+03
3.176000000000000000e+03
3.179000000000000000e+03
3.182000000000000000e+03
3.186000000000000000e+03
3.188000000000000000e+03
3.189000000000000000e+03
3.190000000000000000e+03
3.190000000000000000e+03
3.190000000000000000e+03
3.191000000000000000e+03
3.192000000000000000e+03
3.195000000000000000e+03
3.196000000000000000e+03
3.197000000000000000e+03
3.198000000000000000e+03
3.199000000000000000e+03
3.200000000000000000e+03
3.201000000000000000e+03
3.202000000000000000e+03
3.203000000000000000e+03
3.204000000000000000e+03
3.205000000000000000e+03
3.206000000000000000e+03
3.207000000000000000e+03
3.208000000000000000e+03
3.209000000000000000e+03
3.210000000000000000e+03
3.211000000000000000e+03
3.212000000000000000e+03
3.213000000000000000e+03
3.214000000000000000e+03
3.215000000000000000e+03
3.216000000000000000e+03
3.217000000000000000e+03
3.218000000000000000e+03
3.219000000000000000e+03
3.220000000000000000e+03
3.221000000000000000e+03
3.223000000000000000e+03
3.224000000000000000e+03
3.225000000000000000e+03
3.226000000000000000e+03
3.227000000000000000e+03
3.228000000000000000e+03
3.230000000000000000e+03
3.232000000000000000e+03
3.235000000000000000e+03
3.236000000000000000e+03
3.237000000000000000e+03
3.238000000000000000e+03
3.239000000000000000e+03
3.240000000000000000e+03
3.241000000000000000e+03
3.242000000000000000e+03
3.243000000000000000e+03
3.244000000000000000e+03
3.246000000000000000e+03
3.247000000000000000e+03
3.249000000000000000e+03
3.251000000000000000e+03
3.252000000000000000e+03
3.253000000000000000e+03
3.254000000000000000e+03
3.255000000000000000e+03
3.256000000000000000e+03
3.257000000000000000e+03
3.258000000000000000e+03
3.260000000000000000e+03
3.264000000000000000e+03
3.266000000000000000e+03
3.268000000000000000e+03
3.270000000000000000e+03
3.272000000000000000e+03
3.274000000000000000e+03
3.276000000000000000e+03
3.278000000000000000e+03
3.280000000000000000e+03
3.282000000000000000e+03
3.284000000000000000e+03
3.286000000000000000e+03
3.288000000000000000e+03
3.290000000000000000e+03
3.292000000000000000e+03
3.294000000000000000e+03
3.296000000000000000e+03
3.298000000000000000e+03
3.300000000000000000e+03
3.302000000000000000e+03
3.304000000000000000e+03
3.307000000000000000e+03
3.308000000000000000e+03
3.309000000000000000e+03
3.310000000000000000e+03
3.312000000000000000e+03
3.314000000000000000e+03
3.315000000000000000e+03
3.317000000000000000e+03
3.319000000000000000e+03
3.321000000000000000e+03
3.323000000000000000e+03
3.325000000000000000e+03
3.327000000000000000e+03
3.329000000000000000e+03
3.331000000000000000e+03
3.333000000000000000e+03
3.335000000000000000e+03
3.337000000000000000e+03
3.339000000000000000e+03
3.340000000000000000e+03
3.343000000000000000e+03
3.345000000000000000e+03
3.348000000000000000e+03
3.351000000000000000e+03
3.354000000000000000e+03
3.357000000000000000e+03
3.359000000000000000e+03
3.361000000000000000e+03
3.362000000000000000e+03
3.363000000000000000e+03
3.364000000000000000e+03
3.365000000000000000e+03
3.367000000000000000e+03
3.369000000000000000e+03
3.371000000000000000e+03
3.373000000000000000e+03
3.377000000000000000e+03
3.379000000000000000e+03
3.381000000000000000e+03
3.383000000000000000e+03
3.385000000000000000e+03
3.387000000000000000e+03
3.389000000000000000e+03
3.392000000000000000e+03
3.393000000000000000e+03
3.393000000000000000e+03
3.393000000000000000e+03
3.393000000000000000e+03
3.393000000000000000e+03
3.393000000000000000e+03
3.393000000000000000e+03
3.394000000000000000e+03
3.395000000000000000e+03
3.396000000000000000e+03
3.397000000000000000e+03
3.398000000000000000e+03
3.399000000000000000e+03
3.400000000000000000e+03
3.402000000000000000e+03
3.404000000000000000e+03
3.406000000000000000e+03
3.408000000000000000e+03
3.411000000000000000e+03
3.414000000000000000e+03
3.416000000000000000e+03
3.418000000000000000e+03
3.420000000000000000e+03
3.422000000000000000e+03
3.425000000000000000e+03
3.428000000000000000e+03
3.431000000000000000e+03
3.434000000000000000e+03
3.437000000000000000e+03
3.440000000000000000e+03
3.443000000000000000e+03
3.446000000000000000e+03
3.449000000000000000e+03
3.452000000000000000e+03
3.455000000000000000e+03
3.458000000000000000e+03
3.460000000000000000e+03
3.462000000000000000e+03
3.464000000000000000e+03
3.466000000000000000e+03
3.468000000000000000e+03
3.470000000000000000e+03
3.473000000000000000e+03
3.474000000000000000e+03
3.475000000000000000e+03
3.476000000000000000e+03
3.477000000000000000e+03
3.478000000000000000e+03
3.479000000000000000e+03
3.481000000000000000e+03
3.484000000000000000e+03
3.485000000000000000e+03
3.486000000000000000e+03
3.487000000000000000e+03
3.488000000000000000e+03
3.489000000000000000e+03
3.490000000000000000e+03
3.491000000000000000e+03
3.492000000000000000e+03
3.493000000000000000e+03
3.495000000000000000e+03
3.497000000000000000e+03
3.499000000000000000e+03
3.502000000000000000e+03
3.505000000000000000e+03
3.508000000000000000e+03
3.512000000000000000e+03
3.515000000000000000e+03
3.518000000000000000e+03
3.521000000000000000e+03
3.525000000000000000e+03
3.528000000000000000e+03
3.532000000000000000e+03
3.536000000000000000e+03
3.540000000000000000e+03
3.544000000000000000e+03
3.548000000000000000e+03
3.552000000000000000e+03
3.556000000000000000e+03
3.560000000000000000e+03
3.564000000000000000e+03
3.568000000000000000e+03
3.572000000000000000e+03
3.575000000000000000e+03
3.579000000000000000e+03
3.581000000000000000e+03
3.583000000000000000e+03
3.585000000000000000e+03
3.587000000000000000e+03
3.589000000000000000e+03
3.590000000000000000e+03
3.592000000000000000e+03
3.594000000000000000e+03
3.595000000000000000e+03
3.595000000000000000e+03
3.595000000000000000e+03
3.595000000000000000e+03
3.595000000000000000e+03
3.596000000000000000e+03
3.597000000000000000e+03
3.598000000000000000e+03
3.599000000000000000e+03
3.601000000000000000e+03
3.603000000000000000e+03
3.605000000000000000e+03
3.608000000000000000e+03
3.611000000000000000e+03
3.616000000000000000e+03
3.619000000000000000e+03
3.622000000000000000e+03
3.625000000000000000e+03
3.627000000000000000e+03
3.630000000000000000e+03
3.631000000000000000e+03
3.632000000000000000e+03
3.633000000000000000e+03
3.634000000000000000e+03
3.636000000000000000e+03
3.637000000000000000e+03
3.640000000000000000e+03
3.641000000000000000e+03
3.643000000000000000e+03
3.645000000000000000e+03
3.647000000000000000e+03
3.649000000000000000e+03
3.651000000000000000e+03
3.654000000000000000e+03
3.655000000000000000e+03
3.656000000000000000e+03
3.657000000000000000e+03
3.658000000000000000e+03
3.659000000000000000e+03
3.660000000000000000e+03
3.662000000000000000e+03
3.664000000000000000e+03
3.666000000000000000e+03
3.668000000000000000e+03
3.670000000000000000e+03
3.672000000000000000e+03
3.674000000000000000e+03
3.676000000000000000e+03
3.678000000000000000e+03
3.680000000000000000e+03
3.682000000000000000e+03
3.685000000000000000e+03
3.688000000000000000e+03
3.691000000000000000e+03
3.693000000000000000e+03
3.695000000000000000e+03
3.696000000000000000e+03
3.698000000000000000e+03
3.700000000000000000e+03
3.702000000000000000e+03
3.704000000000000000e+03
3.707000000000000000e+03
3.708000000000000000e+03
3.710000000000000000e+03
3.711000000000000000e+03
3.713000000000000000e+03
3.715000000000000000e+03
3.716000000000000000e+03
3.718000000000000000e+03
3.720000000000000000e+03
3.722000000000000000e+03
3.725000000000000000e+03
3.729000000000000000e+03
3.731000000000000000e+03
3.733000000000000000e+03
3.736000000000000000e+03
3.737000000000000000e+03
3.738000000000000000e+03
3.739000000000000000e+03
3.740000000000000000e+03
3.742000000000000000e+03
3.744000000000000000e+03
3.746000000000000000e+03
3.748000000000000000e+03
3.750000000000000000e+03
3.752000000000000000e+03
3.754000000000000000e+03
3.756000000000000000e+03
3.758000000000000000e+03
3.759000000000000000e+03
3.761000000000000000e+03
3.763000000000000000e+03
3.765000000000000000e+03
3.768000000000000000e+03
3.771000000000000000e+03
3.774000000000000000e+03
3.777000000000000000e+03
3.780000000000000000e+03
3.783000000000000000e+03
3.786000000000000000e+03
3.789000000000000000e+03
3.792000000000000000e+03
3.795000000000000000e+03
3.799000000000000000e+03
3.801000000000000000e+03
3.803000000000000000e+03
3.805000000000000000e+03
3.807000000000000000e+03
3.809000000000000000e+03
3.811000000000000000e+03
3.813000000000000000e+03
3.814000000000000000e+03
3.816000000000000000e+03
3.818000000000000000e+03
3.820000000000000000e+03
3.822000000000000000e+03
3.824000000000000000e+03
3.827000000000000000e+03
3.828000000000000000e+03
3.829000000000000000e+03
3.830000000000000000e+03
3.831000000000000000e+03
3.832000000000000000e+03
3.833000000000000000e+03
3.834000000000000000e+03
3.835000000000000000e+03
3.836000000000000000e+03
3.837000000000000000e+03
3.838000000000000000e+03
3.838000000000000000e+03
3.839000000000000000e+03
3.841000000000000000e+03
3.843000000000000000e+03
3.844000000000000000e+03
3.846000000000000000e+03
3.849000000000000000e+03
3.852000000000000000e+03
3.855000000000000000e+03
3.858000000000000000e+03
3.861000000000000000e+03
3.864000000000000000e+03
3.867000000000000000e+03
3.870000000000000000e+03
3.873000000000000000e+03
3.876000000000000000e+03
3.880000000000000000e+03
3.882000000000000000e+03
3.885000000000000000e+03
3.888000000000000000e+03
3.891000000000000000e+03
3.894000000000000000e+03
3.896000000000000000e+03
3.899000000000000000e+03
3.902000000000000000e+03
3.905000000000000000e+03
3.907000000000000000e+03
3.910000000000000000e+03
3.913000000000000000e+03
3.916000000000000000e+03
3.920000000000000000e+03
3.922000000000000000e+03
3.924000000000000000e+03
3.926000000000000000e+03
3.928000000000000000e+03
3.930000000000000000e+03
3.932000000000000000e+03
3.934000000000000000e+03
3.936000000000000000e+03
3.938000000000000000e+03
3.940000000000000000e+03
3.942000000000000000e+03
3.944000000000000000e+03
3.946000000000000000e+03
3.948000000000000000e+03
3.950000000000000000e+03
3.952000000000000000e+03
3.954000000000000000e+03
3.956000000000000000e+03
3.959000000000000000e+03
3.962000000000000000e+03
3.965000000000000000e+03
3.968000000000000000e+03
3.970000000000000000e+03
3.972000000000000000e+03
3.974000000000000000e+03
3.976000000000000000e+03
3.978000000000000000e+03
3.981000000000000000e+03
3.982000000000000000e+03
3.984000000000000000e+03
3.986000000000000000e+03
3.988000000000000000e+03
3.990000000000000000e+03
3.992000000000000000e+03
3.995000000000000000e+03
3.998000000000000000e+03
4.001000000000000000e+03
4.004000000000000000e+03
4.007000000000000000e+03
4.009000000000000000e+03
4.012000000000000000e+03
4.016000000000000000e+03
4.018000000000000000e+03
4.020000000000000000e+03
4.022000000000000000e+03
4.024000000000000000e+03
4.026000000000000000e+03
4.028000000000000000e+03
4.030000000000000000e+03
4.032000000000000000e+03
4.034000000000000000e+03
4.036000000000000000e+03
4.038000000000000000e+03
4.040000000000000000e+03
4.042000000000000000e+03
4.044000000000000000e+03
4.046000000000000000e+03
4.047000000000000000e+03
4.048000000000000000e+03
4.050000000000000000e+03
4.052000000000000000e+03
4.053000000000000000e+03
4.055000000000000000e+03
4.057000000000000000e+03
4.059000000000000000e+03
4.061000000000000000e+03
4.063000000000000000e+03
4.065000000000000000e+03
4.067000000000000000e+03
4.070000000000000000e+03
4.071000000000000000e+03
4.073000000000000000e+03
4.075000000000000000e+03
4.077000000000000000e+03
4.079000000000000000e+03
4.081000000000000000e+03
4.083000000000000000e+03
4.085000000000000000e+03
4.087000000000000000e+03
4.089000000000000000e+03
4.093000000000000000e+03
4.095000000000000000e+03
4.097000000000000000e+03
4.099000000000000000e+03
4.100000000000000000e+03
4.101000000000000000e+03
4.102000000000000000e+03
4.103000000000000000e+03
4.105000000000000000e+03
4.107000000000000000e+03
4.109000000000000000e+03
4.111000000000000000e+03
4.113000000000000000e+03
4.115000000000000000e+03
4.117000000000000000e+03
4.119000000000000000e+03
4.121000000000000000e+03
4.123000000000000000e+03
4.125000000000000000e+03
4.127000000000000000e+03
4.129000000000000000e+03
4.132000000000000000e+03
4.135000000000000000e+03
4.138000000000000000e+03
4.141000000000000000e+03
4.143000000000000000e+03
4.146000000000000000e+03
4.149000000000000000e+03
4.152000000000000000e+03
4.155000000000000000e+03
4.158000000000000000e+03
4.162000000000000000e+03
4.164000000000000000e+03
4.166000000000000000e+03
4.168000000000000000e+03
4.170000000000000000e+03
4.173000000000000000e+03
4.176000000000000000e+03
4.179000000000000000e+03
4.182000000000000000e+03
4.185000000000000000e+03
4.188000000000000000e+03
4.191000000000000000e+03
4.194000000000000000e+03
4.197000000000000000e+03
4.201000000000000000e+03
4.203000000000000000e+03
4.204000000000000000e+03
4.206000000000000000e+03
4.208000000000000000e+03
4.210000000000000000e+03
4.212000000000000000e+03
4.214000000000000000e+03
4.216000000000000000e+03
4.217000000000000000e+03
4.218000000000000000e+03
4.219000000000000000e+03
4.220000000000000000e+03
4.221000000000000000e+03
4.222000000000000000e+03
4.223000000000000000e+03
4.224000000000000000e+03
4.225000000000000000e+03
4.227000000000000000e+03
4.229000000000000000e+03
4.231000000000000000e+03
4.234000000000000000e+03
4.237000000000000000e+03
4.240000000000000000e+03
4.242000000000000000e+03
4.245000000000000000e+03
4.248000000000000000e+03
4.251000000000000000e+03
4.255000000000000000e+03
4.257000000000000000e+03
4.260000000000000000e+03
4.263000000000000000e+03
4.266000000000000000e+03
4.269000000000000000e+03
4.272000000000000000e+03
4.275000000000000000e+03
4.278000000000000000e+03
4.281000000000000000e+03
4.284000000000000000e+03
4.287000000000000000e+03
4.290000000000000000e+03
4.293000000000000000e+03
4.297000000000000000e+03
4.299000000000000000e+03
4.300000000000000000e+03
4.301000000000000000e+03
4.301000000000000000e+03
4.302000000000000000e+03
4.303000000000000000e+03
4.304000000000000000e+03
4.305000000000000000e+03
4.306000000000000000e+03
4.307000000000000000e+03
4.308000000000000000e+03
4.309000000000000000e+03
4.310000000000000000e+03
4.311000000000000000e+03
4.312000000000000000e+03
4.313000000000000000e+03
4.314000000000000000e+03
4.316000000000000000e+03
4.318000000000000000e+03
4.320000000000000000e+03
4.321000000000000000e+03
4.322000000000000000e+03
4.323000000000000000e+03
4.325000000000000000e+03
4.329000000000000000e+03
4.330000000000000000e+03
4.331000000000000000e+03
4.333000000000000000e+03
4.333000000000000000e+03
4.334000000000000000e+03
4.335000000000000000e+03
4.336000000000000000e+03
4.339000000000000000e+03
4.342000000000000000e+03
4.345000000000000000e+03
4.348000000000000000e+03
4.351000000000000000e+03
4.354000000000000000e+03
4.357000000000000000e+03
4.360000000000000000e+03
4.363000000000000000e+03
4.367000000000000000e+03
4.369000000000000000e+03
4.371000000000000000e+03
4.373000000000000000e+03
4.375000000000000000e+03
4.377000000000000000e+03
4.378000000000000000e+03
4.380000000000000000e+03
4.382000000000000000e+03
4.384000000000000000e+03
4.386000000000000000e+03
4.388000000000000000e+03
4.390000000000000000e+03
4.392000000000000000e+03
4.394000000000000000e+03
4.396000000000000000e+03
4.398000000000000000e+03
4.400000000000000000e+03
4.403000000000000000e+03
4.406000000000000000e+03
4.409000000000000000e+03
4.412000000000000000e+03
4.415000000000000000e+03
4.418000000000000000e+03
4.421000000000000000e+03
4.424000000000000000e+03
4.427000000000000000e+03
4.430000000000000000e+03
4.433000000000000000e+03
4.435000000000000000e+03
4.438000000000000000e+03
4.441000000000000000e+03
4.444000000000000000e+03
4.447000000000000000e+03
4.450000000000000000e+03
4.453000000000000000e+03
4.456000000000000000e+03
4.458000000000000000e+03
4.460000000000000000e+03
4.462000000000000000e+03
4.464000000000000000e+03
4.466000000000000000e+03
4.467000000000000000e+03
4.469000000000000000e+03
4.471000000000000000e+03
4.473000000000000000e+03
4.475000000000000000e+03
4.477000000000000000e+03
4.479000000000000000e+03
4.482000000000000000e+03
4.484000000000000000e+03
4.486000000000000000e+03
4.488000000000000000e+03
4.490000000000000000e+03
4.492000000000000000e+03
4.494000000000000000e+03
4.496000000000000000e+03
4.498000000000000000e+03
4.500000000000000000e+03
4.502000000000000000e+03
4.505000000000000000e+03
4.508000000000000000e+03
4.511000000000000000e+03
4.514000000000000000e+03
4.517000000000000000e+03
4.520000000000000000e+03
4.523000000000000000e+03
4.526000000000000000e+03
4.530000000000000000e+03
4.532000000000000000e+03
4.534000000000000000e+03
4.536000000000000000e+03
4.536000000000000000e+03
4.537000000000000000e+03
4.538000000000000000e+03
4.539000000000000000e+03
4.540000000000000000e+03
4.541000000000000000e+03
4.542000000000000000e+03
4.544000000000000000e+03
4.546000000000000000e+03
4.548000000000000000e+03
4.550000000000000000e+03
4.552000000000000000e+03
4.554000000000000000e+03
4.556000000000000000e+03
4.558000000000000000e+03
4.560000000000000000e+03
4.562000000000000000e+03
4.564000000000000000e+03
4.566000000000000000e+03
4.568000000000000000e+03
4.569000000000000000e+03
4.570000000000000000e+03
4.570000000000000000e+03
4.573000000000000000e+03
4.574000000000000000e+03
4.575000000000000000e+03
4.576000000000000000e+03
4.577000000000000000e+03
4.578000000000000000e+03
4.579000000000000000e+03
4.580000000000000000e+03
4.583000000000000000e+03
4.586000000000000000e+03
4.589000000000000000e+03
4.592000000000000000e+03
4.595000000000000000e+03
4.599000000000000000e+03
4.601000000000000000e+03
4.603000000000000000e+03
4.605000000000000000e+03
4.607000000000000000e+03
4.609000000000000000e+03
4.611000000000000000e+03
4.613000000000000000e+03
4.614000000000000000e+03
4.616000000000000000e+03
4.618000000000000000e+03
4.620000000000000000e+03
4.622000000000000000e+03
4.624000000000000000e+03
4.626000000000000000e+03
4.628000000000000000e+03
4.630000000000000000e+03
4.632000000000000000e+03
4.634000000000000000e+03
4.637000000000000000e+03
4.640000000000000000e+03
4.643000000000000000e+03
4.646000000000000000e+03
4.648000000000000000e+03
4.650000000000000000e+03
4.652000000000000000e+03
4.654000000000000000e+03
4.656000000000000000e+03
4.658000000000000000e+03
4.660000000000000000e+03
4.661000000000000000e+03
4.663000000000000000e+03
4.665000000000000000e+03
4.667000000000000000e+03
4.669000000000000000e+03
4.671000000000000000e+03
4.673000000000000000e+03
4.675000000000000000e+03
4.677000000000000000e+03
4.680000000000000000e+03
4.683000000000000000e+03
4.685000000000000000e+03
4.688000000000000000e+03
4.689000000000000000e+03
4.690000000000000000e+03
4.691000000000000000e+03
4.692000000000000000e+03
4.693000000000000000e+03
4.694000000000000000e+03
4.695000000000000000e+03
4.696000000000000000e+03
4.697000000000000000e+03
4.697000000000000000e+03
4.699000000000000000e+03
4.701000000000000000e+03
4.704000000000000000e+03
4.707000000000000000e+03
4.710000000000000000e+03
4.713000000000000000e+03
4.716000000000000000e+03
4.720000000000000000e+03
4.722000000000000000e+03
4.724000000000000000e+03
4.726000000000000000e+03
4.728000000000000000e+03
4.730000000000000000e+03
4.733000000000000000e+03
4.736000000000000000e+03
4.739000000000000000e+03
4.742000000000000000e+03
4.746000000000000000e+03
4.749000000000000000e+03
4.752000000000000000e+03
4.755000000000000000e+03
4.756000000000000000e+03
4.758000000000000000e+03
4.759000000000000000e+03
4.760000000000000000e+03
4.761000000000000000e+03
4.762000000000000000e+03
4.763000000000000000e+03
4.764000000000000000e+03
4.765000000000000000e+03
4.767000000000000000e+03
4.769000000000000000e+03
4.772000000000000000e+03
4.773000000000000000e+03
4.774000000000000000e+03
4.775000000000000000e+03
4.776000000000000000e+03
4.777000000000000000e+03
4.778000000000000000e+03
4.779000000000000000e+03
4.780000000000000000e+03
4.781000000000000000e+03
4.782000000000000000e+03
4.782000000000000000e+03
4.783000000000000000e+03
4.784000000000000000e+03
4.787000000000000000e+03
4.790000000000000000e+03
4.793000000000000000e+03
4.797000000000000000e+03
4.799000000000000000e+03
4.801000000000000000e+03
4.803000000000000000e+03
4.806000000000000000e+03
4.809000000000000000e+03
4.812000000000000000e+03
4.815000000000000000e+03
4.818000000000000000e+03
4.821000000000000000e+03
4.824000000000000000e+03
4.827000000000000000e+03
4.830000000000000000e+03
4.833000000000000000e+03
4.836000000000000000e+03
4.839000000000000000e+03
4.841000000000000000e+03
4.844000000000000000e+03
4.847000000000000000e+03
4.850000000000000000e+03
4.853000000000000000e+03
4.857000000000000000e+03
4.861000000000000000e+03
4.865000000000000000e+03
4.868000000000000000e+03
4.872000000000000000e+03
4.875000000000000000e+03
4.876000000000000000e+03
4.877000000000000000e+03
4.878000000000000000e+03
4.880000000000000000e+03
4.882000000000000000e+03
4.883000000000000000e+03
4.884000000000000000e+03
4.885000000000000000e+03
4.886000000000000000e+03
4.887000000000000000e+03
4.888000000000000000e+03
4.888000000000000000e+03
4.890000000000000000e+03
4.893000000000000000e+03
4.894000000000000000e+03
4.895000000000000000e+03
4.896000000000000000e+03
4.897000000000000000e+03
4.898000000000000000e+03
4.900000000000000000e+03
4.901000000000000000e+03
4.903000000000000000e+03
4.905000000000000000e+03
4.907000000000000000e+03
4.909000000000000000e+03
4.911000000000000000e+03
4.913000000000000000e+03
4.915000000000000000e+03
4.917000000000000000e+03
4.920000000000000000e+03
4.923000000000000000e+03
4.926000000000000000e+03
4.929000000000000000e+03
4.930000000000000000e+03
4.932000000000000000e+03
4.934000000000000000e+03
4.936000000000000000e+03
4.938000000000000000e+03
4.941000000000000000e+03
4.945000000000000000e+03
4.949000000000000000e+03
4.952000000000000000e+03
4.956000000000000000e+03
4.958000000000000000e+03
4.960000000000000000e+03
4.962000000000000000e+03
4.964000000000000000e+03
4.966000000000000000e+03
4.969000000000000000e+03
4.970000000000000000e+03
4.971000000000000000e+03
4.972000000000000000e+03
4.973000000000000000e+03
4.974000000000000000e+03
4.975000000000000000e+03
4.975000000000000000e+03
4.976000000000000000e+03
4.977000000000000000e+03
4.978000000000000000e+03
4.979000000000000000e+03
4.980000000000000000e+03
4.983000000000000000e+03
4.986000000000000000e+03
4.988000000000000000e+03
4.990000000000000000e+03
4.992000000000000000e+03
4.994000000000000000e+03
4.997000000000000000e+03
5.000000000000000000e+03
5.003000000000000000e+03
5.006000000000000000e+03
5.009000000000000000e+03
5.012000000000000000e+03
5.015000000000000000e+03
5.018000000000000000e+03
5.021000000000000000e+03
5.024000000000000000e+03
5.026000000000000000e+03
5.029000000000000000e+03
5.032000000000000000e+03
5.035000000000000000e+03
5.038000000000000000e+03
5.041000000000000000e+03
5.044000000000000000e+03
