17823
17349
17204
17204
16867
16918
16938
16972
17323
17043
16685
16851
16824
17131
15011
17085
16873
17001
16779
16771
17269
17059
17145
16446
16680
16627
16731
16827
15985
16526
16630
15914
16716
17115
16523
16727
17022
16414
15237
16916
16186
16981
16918
16924
16693
14783
16968
13971
16612
16422
16484
15961
16458
15866
16652
14310
16849
16160
16361
16477
16656
14150
15638
15932
14415
15331
15620
16392
13175
16473
16634
16418
16701
15632
15942
16382
16304
16263
16526
15361
16843
16653
16671
16760
16247
16336
16089
16353
15583
16268
15386
16254
16168
16260
15300
16206
16272
16035
15216
15896
16267
15933
15949
15652
15829
15631
16049
15910
15809
16052
15936
15975
15668
15313
16043
15938
16455
16604
15689
16306
16827
16436
15919
15925
16193
16203
16458
16221
14778
15807
15713
15537
16333
16205
16098
15462
16085
16063
16150
15965
16218
16092
16522
15936
15847
15869
16090
15340
15820
15501
15581
14674
15252
15677
15911
15016
15966
15766
15598
15760
16269
15892
15667
15594
15818
15900
15347
15845
15639
15900
15412
16164
15915
15668
15417
15800
15840
15904
15384
15786
16438
17018
16598
16672
16207
16472
16781
16010
16347
16342
16551
16354
16323
15816
16356
16403
11369
15746
14254
12846
16456
16383
16403
15934
16138
16492
14532
15972
15839
15994
15589
15710
16054
15676
16243
15837
14981
15671
15413
15835
16225
15660
15769
15990
15136
16494
16227
15933
13279
15675
13414
14203
16089
15611
15691
15582
15705
15967
15481
15870
16318
16424
16143
16213
16329
14757
15959
16173
15316
16395
16261
15011
15480
16018
14566
14976
15125
15756
15866
15476
15471
15633
15605
16068
15885
16056
15417
15521
15230
15247
15878
15637
15965
16042
15200
15766
15184
15023
15971
15993
15956
16584
16207
15639
15993
15728
15802
15063
15845
15597
15981
16005
14977
16009
16029
16286
15856
15652
15708
14465
15931
16089
16252
15789
14990
15781
15853
16040
15935
15773
14533
15747
14385
15273
15418
14849
16004
13547
15526
15773
15733
15821
15735
15455
16114
13496
14824
15555
16040
15675
15896
16168
15692
15143
15661
15787
15772
15135
15907
16159
16321
16134
16068
15398
16118
15962
16082
15840
16448
16045
15157
15469
14754
15713
16066
15530
16025
14427
15796
15278
16439
15854
15915
15651
16155
15925
15869
16142
15771
14857
15358
15797
15740
15841
15789
16077
15678
9747
15724
15211
16301
15878
15867
15996
15672
15124
15554
15727
15683
15308
15336
15725
15833
15467
15174
16261
15849
16100
15945
16146
14237
16248
15916
15581
15980
15559
15583
13440
15702
15579
15720
15517
15613
15799
15698
15605
15787
13753
15598
15865
15223
16109
16113
16221
16172
15796
16242
16405
15918
16034
16043
15588
15922
14514
15776
13684
14595
16003
16100
16065
16483
15559
16187
16113
15585
16257
15729
15508
16145
14956
15655
16162
15530
16049
15721
16306
14895
15595
16287
16307
16328
16194
15406
15871
13671
15491
15654
15613
14939
14771
15266
15966
15082
15724
15408
15670
15170
14487
15998
14934
16346
15693
16042
15990
15056
15069
15791
16015
16212
15337
15812
15530
16047
16081
16387
15130
16083
16155
15905
16026
16284
16454
16025
15833
15955
15944
16176
15780
13262
15762
15958
16404
15795
16130
15687
16183
15521
15751
15298
16114
13915
16099
15944
15952
15565
16146
16005
15503
14455
16026
16140
15775
15772
15300
15536
14799
16231
13542
15428
15849
15985
16482
15728
16449
15731
16142
16273
16114
16111
16103
16192
15915
15627
16120
15933
16073
16019
15563
15792
15401
15834
16358
16000
15593
15962
15855
15764
15879
15862
15823
15292
16010
15844
15734
16014
14996
15659
15776
12552
15387
16262
15581
14890
14332
15326
15860
15594
14326
15687
15607
15420
15989
15522
15019
15928
15503
15804
15861
15474
15346
16031
15664
15672
15508
15686
15755
14485
15657
15505
15437
15086
15883
15535
15605
15684
15178
15574
15855
16082
15840
15648
16052
15439
15696
15391
15377
15732
15726
15982
15740
15744
15687
15255
15891
15839
15910
14920
12631
16147
15823
16611
15815
15796
15730
15839
15278
15868
15672
15791
15872
15995
16284
16000
15901
15549
15756
15808
15947
15749
15576
15946
16056
15953
15865
16006
15637
16017
15649
15050
16007
15984
16048
16046
16322
15693
15983
15519
15337
15782
14960
16409
15561
16063
15756
15704
15816
16024
15566
15930
15530
15525
15967
15829
15800
15914
15781
16129
15847
14599
15434
15714
16132
16103
15740
15485
15394
15772
15962
15917
15970
16105
15990
16056
13135
15321
15793
16021
16016
16117
15176
16519
16269
16150
15724
16035
16190
16016
15621
15864
16128
14979
16048
14716
15337
15174
15767
15642
15872
15890
15990
16399
16518
16192
15958
16150
15686
15548
15650
16339
15588
13840
16227
15258
15849
14368
15583
15960
16134
15821
15962
15530
16245
16100
16124
15893
16141
15781
15859
15875
15781
15883
15932
16107
15573
15850
15655
16055
15923
15712
15893
16267
16271
16131
16097
15669
16391
16342
16019
15956
15705
15732
15822
15785
15370
15903
15706
15113
15549
15360
15544
15511
16092
15679
15555
15836
15877
15971
15788
15681
16137
15862
15949
15342
15943
15889
15253
15628
16089
16342
15462
14973
16232
16207
16153
16207
16019
15163
15129
15654
15677
15873
15616
16125
16565
16221
15822
15273
15910
15902
16325
15732
16223
16118
15853
16005
16152
11700
16099
16015
15990
13922
15226
15409
16197
15637
15989
15351
15779
15235
15769
15043
15732
15784
15581
16121
15103
15771
15663
15880
15664
15888
15291
16432
16301
16022
16213
15830
15644
15700
15674
15689
15689
15966
16035
16277
16162
16208
15259
15740
15126
16154
16149
16617
16466
16023
16205
15503
15565
15878
16251
16095
13195
15911
15972
14869
15847
16315
15801
16003
16095
16052
15550
16245
15321
16331
16463
15579
15803
15932
15890
16087
15974
15666
15990
16032
15733
16041
15706
15986
15999
15718
15631
16256
16563
16502
16192
14780
16026
14466
12329
15436
15486
15711
15854
15960
15866
16175
16069
16208
16254
15969
15448
16265
16366
16484
16404
16527
16433
16233
15757
15932
16066
16254
14178
15570
16054
15146
15928
15947
15847
16089
16095
16335
13426
16250
16288
16214
16184
15799
15989
15921
16049
15413
16140
16058
15736
15775
15031
15641
15513
15947
16060
15302
15032
14734
15149
15571
16052
16252
16098
15953
15542
16084
16096
16384
16287
16361
16424
15991
16532
16456
16319
16521
15145
16557
16382
15759
16751
16592
16650
16662
16470
16216
16134
16077
15913
16079
16304
15911
16246
15832
15913
16652
16224
15826
15974
15731
15864
16252
16258
16337
16038
16251
15971
16079
15876
15981
16138
16218
16140
16192
16017
11558
16395
16113
16362
16428
16050
16600
15780
15942
16276
16129
16104
15910
16167
15787
16136
15585
16278
15920
15994
16800
16062
16160
16235
15807
15250
15895
16012
16015
15767
16032
15377
15857
16050
15588
15511
15503
15757
15250
15592
15521
15487
15924
15532
15612
14268
15945
15966
15697
15510
14914
15737
15706
15902
15651
16073
15951
15927
15837
16026
16699
16470
15954
15637
16163
15902
16008
15922
15821
16021
15917
15983
15922
16003
15144
15830
16028
15495
16028
15874
16495
16112
15677
15920
16178
14648
14957
15093
15940
14936
15797
16075
16131
14372
15360
12236
14884
15367
13941
16076
15151
15782
14980
16017
16200
16074
15792
15488
15982
15979
16113
15864
16315
15362
15517
14563
13635
15041
15529
15795
16333
16040
15726
15689
15994
16227
15981
15450
15701
15561
14784
15794
15728
15653
15620
15844
15965
16028
16420
16105
16818
16335
16122
16212
16235
15549
16380
15848
16448
16268
15028
15622
16121
16092
16119
16054
15025
14709
15672
16564
16716
16704
16671
16506
16274
16158
16542
16598
16619
16261
16236
15341
16697
16791
16489
16394
16131
16025
16250
15968
15807
16118
16382
16312
16536
16314
15833
16064
16248
16426
14856
16137
14119
16133
15518
15654
16098
16463
16009
16300
16317
15991
16369
16133
15932
15942
15908
16180
16040
15438
16041
16135
15821
16014
16248
16300
15784
16484
16383
16500
16286
16458
16375
15427
15659
16126
15237
15870
16015
16169
16015
15343
15746
15397
13711
15470
15615
15500
15436
15306
14543
16182
16078
15393
15313
15668
15347
15596
15458
15361
15706
15338
15901
15581
15953
15899
15643
15643
15177
15274
14541
15795
15687
15471
15717
16006
14896
14914
13338
16003
15709
16094
15532
15277
15773
16095
15887
15555
15611
15765
15338
15823
15196
15199
15866
16009
13025
15219
14894
14807
14215
15389
15414
14415
15136
15583
15707
14804
15445
15595
15299
15845
15679
15760
15665
15850
15637
15165
15020
15918
15902
15686
15561
15662
15190
15128
15619
15332
15603
15496
16176
15744
15795
15968
15186
15777
15773
15490
15447
15517
15930
10798
15190
15180
15089
15606
13524
14826
15139
14893
15641
15375
14941
15139
15466
15599
15336
15469
15375
15388
15277
15205
15270
15356
14898
15691
15240
15882
15191
15889
15705
15739
15631
14413
15676
14915
15496
15674
15718
15692
14462
15591
15345
14875
14267
15264
15362
15510
16128
16062
12361
15897
15901
15615
15784
15871
15864
15567
15242
16115
14594
15878
15964
14507
14535
15045
15932
14882
16262
15959
13843
15483
14104
14385
15673
15745
15803
15389
15722
15329
15790
14154
15724
15450
15558
15794
16282
15108
16399
16224
16092
16076
16007
15360
16216
15818
15936
16033
16174
15538
15729
15822
15392
15253
15339
15542
15585
16016
16865
17824
17250
17306
16898
17792
17346
17721
17209
17599
17499
15376
17317
16969
17195
17512
16544
15194
18115
17638
18037
17488
17688
17563
17230
17692
17871
17265
17689
18247
17855
18131
18042
17838
18232
18259
18322
18086
18025
18061
18217
18558
18337
17981
17271
17664
17248
18141
18180
18426
18615
18491
18424
18576
18479
17641
17932
18858
17953
18302
18830
18372
18648
18086
18195
17962
17617
18464
18059
18469
18414
18864
18705
18959
18879
18305
18830
18734
18781
18616
18934
18860
18993
18738
20686
21427
21257
21006
20692
20931
21466
21047
21409
21361
20975
21335
21178
21064
20216
20960
21330
21188
20679
21142
20145
20788
21038
18908
21034
19622
21413
21315
21410
21146
21383
20069
19752
22039
22050
21453
21609
21534
21393
21336
19425
21246
20998
21153
20808
20768
21209
21181
21249
21078
21438
21233
21687
21391
21299
21771
21619
18800
20866
21570
21571
21058
21878
21735
21364
21260
21631
21484
21154
21303
21588
21543
16073
21721
21873
21242
22276
21950
21849
21280
21496
21564
20767
20024
21524
21623
21545
21586
21857
21641
21860
21994
21742
21970
21643
21869
18513
21599
21748
21377
21802
21740
21312
21071
21605
21004
20796
21795
21261
21353
21289
21292
21091
20997
20618
21242
21721
21630
20745
20572
21408
21479
21697
18805
21214
21176
21086
21216
21397
21281
21037
18500
20974
19804
21584
21142
22125
21781
20554
21176
20687
20555
21316
20971
20995
21301
21619
21229
21791
21501
19345
21685
20765
20973
21700
21328
21674
21889
21999
19982
22205
21639
21128
21952
21846
21459
21721
21546
21957
21359
21729
22285
22097
21995
22118
21493
22019
22495
22210
22137
22382
21984
22216
16967
21853
20921
21713
21925
22171
21952
20840
21764
22064
21515
21965
22092
21830
22045
22142
21789
22146
20678
17732
22217
20417
20994
21909
21988
21414
21698
22027
21311
21089
22287
22156
22053
21744
21542
20755
21919
21432
21572
22054
22113
22109
21521
21962
20480
21860
21349
21789
21871
19722
21544
21720
20560
21596
22001
21307
21659
21834
21976
21389
22000
20916
20951
21651
21887
21718
21973
21737
22085
22255
22190
20530
21993
21568
21606
21360
21862
21118
20831
20847
21825
21890
21925
22103
21846
21413
21738
21863
21705
21948
22381
21976
21529
21871
21946
22087
22038
22014
21894
21495
22047
22164
21818
21548
22045
20657
21831
21955
21715
21696
22476
22172
22062
21832
19561
21512
22181
21168
21873
21879
22289
19419
21791
21385
22259
22235
20061
21075
21850
20344
20175
22171
22215
21697
21795
21863
21734
21721
22004
21595
20007
18935
21099
20007
17606
21575
21627
21448
21292
21008
21061
21150
21362
21113
21110
21909
21731
21299
21611
21400
21236
21651
17637
21190
22023
21034
21315
21871
21994
21605
22062
22327
20097
20399
20470
19965
21222
21591
21708
22038
22211
20658
21926
20602
21923
21453
22167
21442
21860
20591
22576
22290
22552
21651
22173
22499
22176
22091
20882
22158
21852
22078
22074
21435
21755
21802
21722
21269
20962
21381
22330
20597
20917
21931
22224
22450
22016
21982
21784
20951
21833
21904
20891
21952
21863
21708
22032
22360
21447
22053
22404
22321
20580
22451
22077
22429
22287
22241
21824
21472
22302
21712
21426
20667
22234
22320
21714
21523
20068
22021
21924
21941
22118
21609
21623
19585
21948
21559
21889
21689
22168
22310
21837
22286
22243
21457
22041
21709
22225
21732
22212
20751
22096
20962
21891
22275
22168
20834
21015
21702
20783
21832
22004
21810
21742
22040
21004
21773
22110
20823
21183
22100
22229
22069
22249
22175
22545
21127
21288
22264
19963
22000
22117
21698
22054
22171
21393
21378
21411
21350
18588
21936
21440
21745
21308
21860
21003
22141
21400
16455
21610
21852
21495
22020
21810
21059
21114
22220
21310
21939
21437
22253
22515
21877
21321
17243
21916
21892
22369
21768
22252
22541
22522
21879
21706
22076
22109
22026
15948
22318
22268
22956
22987
21684
20939
21941
22188
22438
22465
21924
21715
22116
22021
22089
21957
21993
21224
19338
22383
21815
22089
22683
21007
22711
22549
22502
21942
20220
22330
21898
21612
22211
22103
21801
21287
20085
21981
21332
22110
21369
22065
20245
21612
22142
22153
22011
22284
20479
22243
21666
21735
21526
21059
22341
22044
21256
20620
22016
21933
22141
21559
22542
21223
22340
22153
21627
21936
22028
21949
22068
21966
22095
22004
21910
21726
21004
19537
21420
21131
21815
21710
21976
21067
20974
20789
21452
21575
21685
21693
21400
21715
21676
21989
21680
19360
21815
21191
21076
20958
21050
20959
21868
22045
22109
21768
21627
21634
21680
21622
21669
21453
20589
20599
21704
21590
21313
21601
21274
21979
22136
21834
21993
20863
20201
22019
22169
22101
22618
21203
22399
22505
22111
20597
21900
22354
21169
21978
22101
20937
19932
21684
22206
22396
21498
22221
22517
22475
22310
22278
21656
20667
22095
22146
20953
20296
21915
21018
21663
21891
22566
22398
22822
22433
22466
22159
22167
22036
22018
22101
21913
21828
22158
19429
21692
22290
21776
21920
22150
22241
20304
21841
22074
22077
21793
20805
22361
20792
21849
22151
21911
22011
22097
22251
22224
21669
22379
21902
22298
22235
22420
22271
21830
22519
21484
22390
22271
21749
21567
21466
21796
22049
22416
21795
22184
21620
21933
21638
22023
21970
22057
21754
18567
22339
22002
21409
22134
22262
22147
22036
21384
22028
21469
21815
21377
22055
21888
19679
22477
21722
21998
22747
18490
22658
22461
22545
22679
22573
22374
20251
22582
22607
22315
22299
22194
22233
21877
22552
22058
21878
21844
22615
22454
21976
20810
20261
22226
21254
20141
21905
21741
22186
20109
21507
18809
22034
22175
21643
21960
21191
21511
21775
20547
19653
22020
22327
21735
22064
17540
21837
21662
22150
22298
22414
22497
20034
22259
20898
22233
22332
21843
21435
21991
20480
21723
22535
22709
21651
22256
22600
21430
22368
22372
22518
22635
22210
22494
22092
21258
22179
22259
21957
22188
22495
22662
22350
22247
19628
21065
22297
22509
21115
22683
21539
22333
18917
22554
21224
20455
22497
22061
21821
22095
22675
22514
22563
21712
22319
21336
18038
22598
22192
21659
22243
22544
22003
22221
22231
20903
21942
20796
21747
20925
21883
22587
20872
22431
15552
22022
22227
22284
22566
22292
22173
22178
21060
22012
22018
22112
22270
22381
21860
22373
22346
22293
20273
20849
21179
21931
22225
21710
22041
22019
22147
21652
21646
21393
21821
21882
21971
21589
21592
21862
21239
21746
21370
21435
20955
22090
22040
21580
21771
21735
21898
21945
21998
16225
21134
21715
21795
22084
21979
22313
22618
22436
22408
21942
20175
22218
21939
20122
18841
22552
22650
20710
22413
22500
22457
22501
22640
21080
22835
20786
22865
23134
23126
22423
23070
23153
21689
23222
23476
23124
21884
20836
22675
23269
20594
21980
22961
23083
22894
22368
22943
21818
17497
21989
22878
22637
22606
22622
22068
22811
22791
22624
22473
22213
22306
22268
22499
22199
22567
22331
22885
23074
22363
22603
22958
22868
22584
22752
19072
22689
22791
22253
22784
22619
22580
22856
22620
22649
22254
20328
22924
22570
22746
22633
22155
23022
22416
22579
22907
22416
21529
22919
22221
22681
22852
22711
22276
15993
21791
22411
23339
23109
22965
22565
22559
23151
22933
21866
22590
22976
23188
20609
23170
22839
22784
23086
22224
22563
21498
22404
23143
22702
22594
22593
22420
22381
21934
21351
22851
22760
23084
23023
23101
23022
23298
22340
22566
22867
22118
22452
22912
22709
22504
23143
22971
23068
21563
22605
21968
22323
22033
22873
22712
22651
22576
22414
15654
22437
22426
22538
20586
21808
22662
22709
22537
19374
21239
22539
22299
22394
22365
20455
22441
22837
22009
22060
22419
22746
22770
22643
17587
22844
21215
21244
22804
22716
22912
22672
22605
22474
22752
22894
22195
22774
22320
22495
22649
20386
22881
22647
23062
22439
21388
22222
22945
22864
22219
22592
21662
23034
22987
22711
20544
22997
21327
23054
22396
22011
22398
23128
22833
22308
21844
23066
21025
22742
22850
22927
23103
22181
22445
22529
21511
22561
22971
22482
22692
22939
19305
21998
23083
23127
22883
22958
22348
23222
23076
23183
22863
23026
22356
21787
22181
21230
21876
22084
21333
22314
22781
22309
23513
22611
22772
22900
22428
23047
22783
22630
18833
22704
23063
23082
21219
22717
21227
22875
22672
22955
23597
22885
23236
22923
23068
23130
22955
22654
22874
21188
22799
22848
22659
21743
22256
22457
21861
22854
22703
22811
23007
22625
23003
22267
22903
22791
22705
22947
23011
22684
23045
22347
22882
22780
22612
22777
22618
22642
22773
22658
22191
22681
23058
23141
23066
22724
22807
22670
22844
21724
22834
22624
22710
22901
22813
22601
22765
22022
22981
23152
20377
22757
22448
22986
23259
23141
23252
23277
23176
22959
21581
22809
22856
17853
23023
19066
22794
22032
22850
22304
22927
22618
22543
22213
22394
22527
22427
22601
22644
22534
22735
22285
20806
18935
22352
22657
22311
22739
21201
21319
22426
22698
22418
23099
22302
22767
22562
22407
22752
22664
22233
22829
21801
22650
22488
21137
22589
22073
22570
22716
22248
22258
21831
23111
22261
22750
21510
21729
22865
22234
22027
22469
21029
22663
22851
21304
21771
21683
22459
22022
22710
22340
23027
23085
23039
22227
22641
22943
22815
22646
22914
22360
21026
22442
22307
22584
22227
22491
22308
22722
22481
22727
22337
22116
22133
19501
22500
21537
22221
22542
22682
22441
22266
22390
22362
22186
22063
22373
22247
21228
22653
22393
22551
22327
22552
22944
22290
22711
22167
22420
21338
22633
22787
22533
22671
22746
22208
22057
21806
20457
22622
22786
22986
21300
22690
22476
22412
22787
22874
22529
22354
22667
22756
22223
22460
21801
22567
22482
22437
22649
22558
22789
18758
20396
22687
22265
21255
22010
22456
21949
22448
22278
22508
22590
22552
21870
22959
15799
22586
22280
22042
22557
22141
22600
23000
22756
22878
23018
21480
22618
22467
22802
22463
19754
22673
22628
22858
20219
22577
21149
22744
22570
22609
22079
22434
22289
22570
22559
21801
22545
22486
22579
22275
22532
20910
21218
22224
22294
22415
22610
22303
21908
22830
22594
22643
22034
21701
22225
22346
22183
21174
21717
21814
21295
22322
22627
22317
22196
22252
21599
21999
22491
21244
21482
22093
19810
22111
22544
22579
22628
20534
22339
22305
22148
22304
22339
21685
22195
22654
22123
22849
22373
22844
23244
22762
22804
21693
22648
22743
22652
22204
22456
22154
22630
22426
22355
22353
21239
22323
21371
22337
22325
22396
22278
20138
22544
22592
22708
22176
22978
22792
22099
22108
21232
22665
22177
22716
21142
22342
22407
22071
22374
22840
22600
22184
22498
21789
21983
18753
22349
21929
21912
21998
22099
22277
21923
22359
22301
22112
22214
22388
22567
22986
22923
22856
22191
22802
22833
22938
22597
22948
22671
22276
22046
22688
21394
22566
22449
22517
22414
22591
22830
22468
22416
20407
22620
22225
22802
22634
22729
22726
22679
22886
20705
22584
20676
22259
22266
22606
22087
21868
22176
23012
22312
23059
22565
21954
21350
20875
22700
22903
22499
22889
22389
22449
22765
22754
19756
22099
21811
22835
22663
21719
22468
22787
22806
22743
21949
22948
23256
23259
22893
20318
22578
22546
22612
21876
21171
22559
22109
22399
21180
22925
19417
22539
22542
22110
22362
22288
22122
21877
22165
22205
22135
22376
21057
22269
22555
22437
22563
22076
21703
22885
22777
21406
21112
22441
22313
22835
22279
22376
21860
22389
18606
22532
22319
22077
22389
21407
22602
22051
22787
22591
22288
22803
23001
22582
22632
22277
21881
22863
22910
22671
22900
22907
22539
20865
22284
22536
22889
22992
22630
23128
22405
21746
21931
22266
22993
22779
22573
22156
22171
22481
21440
22457
21610
21716
22551
21908
22324
22282
22781
22944
22146
22316
22176
22462
21093
21222
21834
22348
22307
22458
22593
23020
21253
22628
22064
21147
22236
22290
22403
22593
21945
21902
21698
22178
21288
22573
22513
22428
22293
22130
21921
22314
22446
22436
19270
21491
21979
22046
22293
22662
22500
22134
22068
19752
22830
22663
22415
21356
22183
22471
22641
22428
22280
22293
21862
21907
22236
22547
22279
22456
21956
22443
21902
21518
22045
22522
20833
22378
22199
22501
22260
21976
21243
18478
22220
22506
22383
23069
22686
22961
22907
23184
22711
22764
21926
22093
22596
20135
22460
22668
22534
22834
21775
21685
22897
22361
23063
22937
22077
18128
20978
22587
22119
21980
22093
22329
21303
22257
22032
22334
22167
22301
18716
22729
21236
22312
22529
21220
20765
22937
22742
22295
22281
22058
22785
22668
21413
22189
21993
22165
22324
22482
21142
22531
20909
22231
22729
21735
22864
23368
22743
22977
22898
21757
22365
22346
21692
22686
22829
22323
22770
21313
20665
22270
22048
22451
21498
22695
19728
22506
22867
22666
22170
22786
22581
22532
22623
22378
21238
0
0
0
0
0
0
0
0
0
0
0
0
0
0
0
0
0
0
0
0
0
0
0
0
0
0
0
0
0
0
0
0
0
0
0
0
0
0
0
0
0
0
0
0
0
0
0
0
0
0
0
0
0
0
0
0
0
0
0
0
0
0
0
0
0
0
0
0
0
0
0
0
0
0
0
0
0
0
0
0
0
