1.654320987654320924e-02
1.588928754484879649e-02
1.563890654799745747e-02
1.423441908181585086e-02
1.513157894736842125e-02
1.823354454933402355e-02
1.289062499999999931e-02
2.009214230867673381e-02
1.632861334353871707e-02
1.501925545571245260e-02
1.282220753469927310e-02
1.687709353259469330e-02
1.476352234125947148e-02
1.415094339622641542e-02
1.329983744643120983e-02
1.602358671965132750e-02
1.686340640809443417e-02
1.461913311105411672e-02
1.635883905013192641e-02
1.688969728465635964e-02
1.528857179258504354e-02
1.728460219026256919e-02
1.246145940390544667e-02
1.676052561008313166e-02
1.565353509000782725e-02
1.607546167131659529e-02
1.461759331767162676e-02
1.558846453624317986e-02
1.695382494831150846e-02
1.444560124934929704e-02
1.656726308813783952e-02
1.789647577092511044e-02
1.612274086594720976e-02
1.339456563337160407e-02
1.484820363250696079e-02
1.588352084712111104e-02
1.492346938775510230e-02
1.434700992223116034e-02
1.506591337099811613e-02
1.725032425421530596e-02
1.505781123958053157e-02
1.384437892577874626e-02
1.601032924467398269e-02
1.517684887459807078e-02
1.655190677966101795e-02
1.458670988654781238e-02
1.513402590740028225e-02
1.533301389554384345e-02
1.673033855881965459e-02
1.371139510117145958e-02
1.502060348265319735e-02
1.915868388171595299e-02
1.765177855041455066e-02
1.293823038397328914e-02
1.379944802207911693e-02
1.437308868501529016e-02
1.469440832249674887e-02
1.736395952966912626e-02
1.245813797722705903e-02
1.804330392943063327e-02
1.810785986091064184e-02
1.992642550582464714e-02
1.363316936050597283e-02
1.520293199402741879e-02
1.452564684521107617e-02
1.515151515151515194e-02
1.396453009356235161e-02
1.547945205479452080e-02
1.454961582475069494e-02
1.713005666095664820e-02
1.430463576158940396e-02
1.509840927473712555e-02
1.655716162943495287e-02
1.384034670767510071e-02
1.505611825896523322e-02
1.558720773985487751e-02
1.763527054108216321e-02
1.478619954708938408e-02
1.524794484221691886e-02
1.621160409556313825e-02
1.543850544888427691e-02
1.653001851362073671e-02
1.437236286919831192e-02
1.314419573138990091e-02
1.556367573419948497e-02
1.593517893315327463e-02
1.436314363143631478e-02
1.505781123958053157e-02
1.573696782352114812e-02
1.623157040443663074e-02
1.480310434032768019e-02
1.334757074212493400e-02
1.584292484766418319e-02
1.478367014783670171e-02
1.464316178561273808e-02
1.491534533727492673e-02
1.544038668098818463e-02
1.603914639119206204e-02
1.463556006375887550e-02
1.768466875255067169e-02
1.471768798501471749e-02
1.401551231460062587e-02
1.658215705084281275e-02
1.587301587301587213e-02
1.569226496319955574e-02
1.402721279281806711e-02
1.476822097634349767e-02
1.697509391957701536e-02
1.428571428571428527e-02
1.337115072933549483e-02
1.726951319010062644e-02
1.528294093349855456e-02
1.364275668073136431e-02
1.536491677336747699e-02
1.450068399452804357e-02
1.414505616419359235e-02
1.806173338724895508e-02
1.440846001321877123e-02
1.589981708175038783e-02
1.291364003228409954e-02
1.534828807556080227e-02
1.533128916144513992e-02
1.718259920905495716e-02
1.267762607968793594e-02
1.668001067520683348e-02
1.603989756031810182e-02
1.677539608574091234e-02
1.383426013834260053e-02
1.544344756581850220e-02
1.693738719977786952e-02
1.586650253043359396e-02
1.637030764888512679e-02
1.555735930735930792e-02
1.382675884505896700e-02
1.586021505376344204e-02
1.684422689317592939e-02
1.356483993488876751e-02
1.785955892301447842e-02
1.387566317507822090e-02
1.475764960736528596e-02
1.432779860739153734e-02
1.442176870748299380e-02
1.653439153439153347e-02
1.444043321299639041e-02
1.345726970033296263e-02
1.675436167266685164e-02
1.887561108093427364e-02
1.434574699318939307e-02
1.371204701273261509e-02
1.794038706031925515e-02
1.631205673758865174e-02
1.650557620817843726e-02
1.449687322342239904e-02
1.873077998322616664e-02
1.904892421543099776e-02
1.636732329084588516e-02
1.599443671766342251e-02
1.719118258699570134e-02
1.784459744274272813e-02
1.551984617497596461e-02
1.364576154376292288e-02
1.459356246590289181e-02
1.669195751138087894e-02
1.496118560338743908e-02
1.356026013560260139e-02
1.607316059304420008e-02
1.691513761467889829e-02
1.383789889861621047e-02
1.635220125786163506e-02
1.581304226140498037e-02
1.510617072823143732e-02
1.465002712967987050e-02
1.508709367713619541e-02
1.667616875712656793e-02
1.601020119013885079e-02
1.520859494907213574e-02
1.375824792924329638e-02
1.357716819063452436e-02
1.725601131541725647e-02
1.518288474810213992e-02
1.537227643363186722e-02
1.565734989648033190e-02
1.766784452296819852e-02
1.454783748361729995e-02
1.508417508417508358e-02
1.525603608384186807e-02
1.629220864538168459e-02
1.558015580155801619e-02
1.508620689655172480e-02
1.858131018581310120e-02
1.787578288100208704e-02
1.465250705740018741e-02
1.553424287451033413e-02
1.449875724937862466e-02
1.493753394894079337e-02
1.569416498993963724e-02
1.566679403897592790e-02
1.762977473065622039e-02
1.570600792924672223e-02
1.253812267028125982e-02
1.622556190982843427e-02
1.621183463928668050e-02
1.620745542949756854e-02
1.364628820960698749e-02
1.225323349217154537e-02
1.431197478991596585e-02
1.244813278008298670e-02
1.326042378673957661e-02
1.341261061946902658e-02
1.567656765676567546e-02
1.626016260162601798e-02
1.385584324702589243e-02
1.521945916564750728e-02
1.337463043784316470e-02
1.542416452442159358e-02
1.548981300586101117e-02
1.597069597069597155e-02
1.697292747930986140e-02
1.752873563218390954e-02
1.515783618411903691e-02
1.655896607431340747e-02
1.380834023750345148e-02
1.765850945494994509e-02
1.533572810168554873e-02
1.706036745406824123e-02
1.626016260162601798e-02
1.566794942275975822e-02
1.454990481370682653e-02
1.551292743953294404e-02
1.506486260287348382e-02
1.754966887417218693e-02
1.468315301391035464e-02
1.544025594658506029e-02
1.734508322842355510e-02
1.523623147889292644e-02
1.765360022240756305e-02
1.567968640627187549e-02
1.462876069555616929e-02
1.458510337015009838e-02
1.502526977188908645e-02
1.761226136058080191e-02
1.717481027825855378e-02
1.696986152592994818e-02
1.594746716697936079e-02
1.387406616862326553e-02
1.551647702083641146e-02
1.531309816789718295e-02
1.634654679199019217e-02
1.610604332953249548e-02
1.657458563535911533e-02
1.567314132618888300e-02
1.466744118501307065e-02
1.306546782804158396e-02
1.545160837196235364e-02
1.664916754162291956e-02
1.277213352685050742e-02
1.455960789966844436e-02
1.391982182628062441e-02
1.505940867642995354e-02
1.585075045588441728e-02
1.403902849922785377e-02
1.736797514826320110e-02
1.368906271825673891e-02
1.771841352051247223e-02
1.532246831034963022e-02
1.783783783783783952e-02
1.866894684338036084e-02
1.634916121694626051e-02
1.760067586595325320e-02
1.558701558701558638e-02
1.702828893161219617e-02
1.453160270880361239e-02
1.571627260083449315e-02
1.419795221843003427e-02
1.501931054212559020e-02
1.652548257186501821e-02
1.563184806428049786e-02
1.485581124381007805e-02
1.343017678498012804e-02
1.574264202600958104e-02
1.362583458236817091e-02
1.573865890755191121e-02
1.491323210412147555e-02
1.530254106415836028e-02
1.517683096630464967e-02
1.991701244813277871e-02
1.388888888888888812e-02
1.550724637681159465e-02
1.581795476619952956e-02
1.505681818181818163e-02
1.737821565407772148e-02
1.671732522796352469e-02
1.630513903042655338e-02
1.617175519308517925e-02
1.661446275364292582e-02
1.546254332178085764e-02
1.506148956750034615e-02
1.597086018492574824e-02
1.594343546374601267e-02
1.430570673301197367e-02
1.399266404021192768e-02
1.412275936990765868e-02
1.817936978184756316e-02
1.464492953854655902e-02
1.666183714865256474e-02
1.395152198421645978e-02
1.509904418894583711e-02
1.790351236845701827e-02
1.583401583401583546e-02
1.323119777158774345e-02
1.598903608953860384e-02
1.491912994980479704e-02
1.225302496553836752e-02
1.767284037890569717e-02
1.681614349775784750e-02
1.774029373273229571e-02
1.802917698871456254e-02
1.642305797339464746e-02
1.582893640655373343e-02
1.539101497504159755e-02
1.621923937360178827e-02
1.448875396715882356e-02
1.630207607635502168e-02
1.497809806415147625e-02
1.796242972713561065e-02
1.546979319329099510e-02
1.822563639102274535e-02
1.761252446183952935e-02
1.548581608880361844e-02
1.246324044251505454e-02
1.558803061934585857e-02
1.707218712192499002e-02
1.570316842690383519e-02
1.614516359479925556e-02
1.794476377400813089e-02
1.412155614010798810e-02
1.718403547671840462e-02
1.520345804143687606e-02
1.298163237121944397e-02
1.402184171497910213e-02
1.501062699256110536e-02
1.549656380541705909e-02
1.775789616375220148e-02
1.715756362596511375e-02
1.781101291638341119e-02
1.715219166893547365e-02
1.513692032475574475e-02
1.536119568225851120e-02
1.493340508542984058e-02
1.689792553922242133e-02
1.545506582713222603e-02
1.294268240648556445e-02
1.676060516167309292e-02
1.375161151697464577e-02
1.581137309292648951e-02
1.462237365133446827e-02
1.781585747314021542e-02
1.546082257580306228e-02
1.318711826762909538e-02
1.498617779717736041e-02
1.751359957542789059e-02
1.814153164381664476e-02
1.521859435528500303e-02
1.673463647869498014e-02
1.469387755102040741e-02
1.571897211591033461e-02
1.452253733388135341e-02
1.523809523809523808e-02
1.549630043277956150e-02
1.573760847183409278e-02
1.430410527821484798e-02
1.416666666666666595e-02
1.512651265126512684e-02
1.727982162764771581e-02
1.456310679611650533e-02
1.608247422680412347e-02
1.758548499651081676e-02
1.551802829758101333e-02
1.874388026297384158e-02
1.547943242081123612e-02
1.578806529301578915e-02
1.879544519138427738e-02
1.563372417643774451e-02
1.780090373818978347e-02
1.698960966020780783e-02
1.484284051222351658e-02
1.594628619387326862e-02
1.611111111111111077e-02
1.567132570944515177e-02
1.743264659270998482e-02
1.301673580317551197e-02
1.355884819681297225e-02
1.562718013115669061e-02
1.733447001989201625e-02
1.784418975772522967e-02
1.387018583355776984e-02
1.616691999447284617e-02
1.309925725860904867e-02
1.649175412293853171e-02
1.439239646978954582e-02
1.745443311708371956e-02
1.565426812951565411e-02
1.395027624309392277e-02
1.641414141414141575e-02
1.335877862595419817e-02
1.564041144145413703e-02
1.524902070509233376e-02
1.615798922800718018e-02
1.383008749647191699e-02
1.799775028121484988e-02
1.477557847783663239e-02
1.694915254237288130e-02
1.313559322033898240e-02
1.252408477842003806e-02
1.501459752537188941e-02
1.697292747930986140e-02
1.534208707671043566e-02
1.592151817304599676e-02
1.712761476905797983e-02
1.376651982378854569e-02
1.578337677381986756e-02
1.661220043572984861e-02
1.370792616720955398e-02
1.596320346320346389e-02
1.566932324733216406e-02
1.475862068965517158e-02
1.679881736325762598e-02
1.568472386977725133e-02
1.504901283998343227e-02
1.575872843363673378e-02
1.843317972350230413e-02
1.812731944047958968e-02
1.327675882836025154e-02
1.514015889671713362e-02
1.595143986448334383e-02
1.765547956099888793e-02
1.576103272290603485e-02
1.697699890470974818e-02
1.971493272945250980e-02
1.831156590817288252e-02
1.597018898056960443e-02
1.558769835697233590e-02
1.595888558290505660e-02
1.744582254327381801e-02
1.350048216007714540e-02
1.539084649655731059e-02
1.550173010380622753e-02
1.948790896159317138e-02
1.608247422680412347e-02
1.586146682188591464e-02
1.803187028235951964e-02
1.605721225205775093e-02
1.591549295774647918e-02
1.422764227642276356e-02
1.652777777777777665e-02
1.592657578620596676e-02
1.804466794852832567e-02
1.404691670178395864e-02
1.527331189710610937e-02
1.366306872523568791e-02
1.615508885298869157e-02
1.683410263372250859e-02
1.321585903083700476e-02
1.647514883012598727e-02
1.818181818181818094e-02
1.707487753673897837e-02
1.525755879059350478e-02
1.568018081649950532e-02
1.638631090487238998e-02
1.673330371686657797e-02
1.789838337182448127e-02
1.567485088084339187e-02
1.585034985006425826e-02
1.436067384700358968e-02
1.781926177344081430e-02
1.238002503825288633e-02
1.403303610583248040e-02
1.438304314912944824e-02
1.785470900913179934e-02
1.551399159054661463e-02
1.737039016568679706e-02
1.810893005252972240e-02
2.096551724137931186e-02
1.551558423726486294e-02
1.648828463986115253e-02
1.403965841655811266e-02
1.661631419939577081e-02
1.426436625458497517e-02
1.542416452442159358e-02
1.452784503631961328e-02
1.552230457278702333e-02
1.604729729729729645e-02
1.974132062627637768e-02
1.529010238907849845e-02
1.641970364437324650e-02
1.600465589989815210e-02
1.671732522796352469e-02
1.362322829228016993e-02
1.811445039110745267e-02
1.641152944421458981e-02
1.467815782386210598e-02
1.596806387225548768e-02
1.594343546374601267e-02
1.910034602076124410e-02
1.438159156279961680e-02
1.558867769725147054e-02
1.581625636088571096e-02
1.703601108033241107e-02
1.751431458403502825e-02
1.727528089887640436e-02
1.402061855670103108e-02
1.537638721754245284e-02
1.493775933609958577e-02
1.540332387515200643e-02
1.874912550720582091e-02
1.368934670642450550e-02
1.681143177360605243e-02
1.675204208777516385e-02
1.535181236673774027e-02
1.404765183858972671e-02
1.885902876001886025e-02
1.438068104734771362e-02
1.962139007876191957e-02
1.521798738689333734e-02
1.445208362564893989e-02
1.571682383490501447e-02
1.606316362646338300e-02
1.645390070921985692e-02
1.630434782608695607e-02
1.630068705375185140e-02
1.530263697226397039e-02
2.102933038184836775e-02
1.467737468845195167e-02
1.569946733950098108e-02
1.714205423633553479e-02
1.836243226971703835e-02
1.896620809402965041e-02
1.670179990270796028e-02
1.507180435091710555e-02
1.840321018403210176e-02
1.842105263157894565e-02
1.667778519012675167e-02
1.593068753493571965e-02
1.826545798944662416e-02
1.781029959961341960e-02
1.508767160527388872e-02
1.461632155907429884e-02
1.684298440979955375e-02
1.625355546525802594e-02
1.706717640633533678e-02
2.083333333333333218e-02
1.485285952248750763e-02
1.442307692307692388e-02
1.563349646547036384e-02
1.609574907139909097e-02
1.345353675450762856e-02
1.869031377899044860e-02
1.511512925554456786e-02
1.472237801458216484e-02
1.475010740369468720e-02
1.522424907420106936e-02
1.585169263836647136e-02
1.632991973429283317e-02
1.800787844682048486e-02
1.537396121883656541e-02
1.653005464480874348e-02
1.716617419445616924e-02
1.601104209799861927e-02
1.637990364762560366e-02
1.383940805700191803e-02
1.774379688401615807e-02
1.623686723973256918e-02
1.731720725673446815e-02
1.622746185852981873e-02
1.711859764448096441e-02
1.802325581395348986e-02
1.649305555555555594e-02
1.755864587722994960e-02
1.694622168424693084e-02
1.624029893647599768e-02
1.694689084601014306e-02
1.435066780335322520e-02
1.542303172737955266e-02
1.892263085609644305e-02
1.653128117429100707e-02
1.521590130226182364e-02
1.482841406580991464e-02
1.761782864026502013e-02
1.429372197309417003e-02
1.442981227234519520e-02
1.810664385514684782e-02
1.698342094621916806e-02
1.448452144277193911e-02
1.466105385397009804e-02
1.533360961458764965e-02
1.735419630156472340e-02
1.548886737657308860e-02
1.236454570714087299e-02
1.592446448703494985e-02
1.578871824314626027e-02
1.720841300191204570e-02
1.480446927374301676e-02
1.723898234394550394e-02
1.785714285714285615e-02
1.611063587111491446e-02
1.829521829521829623e-02
1.816271389972981196e-02
1.614714967705700721e-02
1.812214611872146192e-02
1.863442389758179080e-02
1.768628587996520785e-02
1.661819692563356807e-02
1.580640649041823928e-02
1.562282047705398219e-02
1.633290725749183409e-02
1.831395348837209364e-02
1.727337615988579558e-02
1.819184123484013371e-02
1.654013015184381888e-02
1.832061068702290144e-02
1.638196583590030911e-02
1.591657519209659782e-02
1.620699459766846914e-02
1.553316540722082285e-02
1.712668082094833538e-02
1.686678101772441304e-02
1.899348398724525280e-02
1.939744118860916092e-02
1.755818701510820576e-02
1.487557347421103807e-02
1.431779898933183658e-02
1.900768693221523489e-02
1.635815755488592357e-02
1.732911566497043199e-02
1.720310765815760354e-02
1.860272840016535811e-02
1.751781472684085447e-02
1.812162397630249014e-02
1.510366607167376064e-02
1.683029453015427723e-02
1.879798782102197474e-02
1.831601968288682283e-02
1.700069108500345400e-02
1.665748898678414205e-02
1.777594047126911797e-02
1.907744874715261788e-02
1.471599504882409488e-02
1.521284019539427719e-02
1.709166092350103416e-02
1.508859357696567052e-02
1.770875902465604210e-02
1.617647058823529563e-02
1.572112098427887877e-02
1.775636613902271260e-02
1.670175438596491202e-02
1.551461421249480596e-02
1.682658879154498577e-02
1.823204419889502825e-02
1.828077030421434643e-02
1.663870246085011328e-02
1.687180196376711350e-02
1.734735691845376224e-02
1.790801790801790916e-02
2.023281596452328190e-02
1.466557017543859698e-02
1.702893534542434043e-02
1.865256124721603737e-02
1.858947069675039032e-02
1.588936295424452083e-02
1.586867305061559486e-02
1.745057941376959923e-02
1.669403393541324734e-02
1.400521763009748670e-02
1.683274979800700177e-02
1.574581751722198622e-02
1.447258558307820686e-02
1.568239615710652693e-02
1.665231122595463645e-02
1.589275843007186342e-02
1.631701631701631613e-02
1.521475696782011514e-02
1.577418015774180102e-02
1.681706316652994276e-02
1.352293322180398751e-02
1.902777777777777887e-02
1.915128134472306523e-02
1.573617952928297800e-02
1.793973370707778459e-02
1.605092016050920292e-02
1.918798665183537103e-02
1.652308995904533395e-02
1.928561727556702549e-02
1.860920666013712171e-02
1.832315380344253300e-02
1.742590559824368918e-02
1.588397790055248726e-02
1.532052143529095620e-02
1.790880286540845814e-02
1.493640934634723506e-02
1.462575279609979947e-02
1.699235344095157210e-02
1.741970604246053517e-02
1.831253391209983553e-02
1.551891367604267720e-02
1.736654804270462704e-02
1.633342720360461686e-02
1.724383639732079282e-02
1.755598562344484401e-02
1.587520706791827746e-02
1.612903225806451568e-02
1.738773274917853121e-02
1.789373036470427378e-02
1.758451472191930112e-02
1.561721216148861946e-02
1.414689911403258123e-02
1.730343300110741972e-02
1.458361728226795738e-02
1.746724890829694232e-02
1.767849801288200531e-02
1.284296555750145952e-02
1.598817681042590325e-02
1.716855157378389257e-02
1.633319722335647289e-02
1.585550806562801771e-02
1.663916391639163814e-02
1.765760794592357436e-02
1.606535057862491442e-02
1.923613047114580352e-02
1.651172471208547238e-02
1.577070762479429455e-02
1.938156532031365745e-02
1.879802414928649981e-02
1.903911944072586571e-02
1.443626389490399939e-02
1.710026308097047781e-02
1.796239124333427056e-02
1.690340909090909047e-02
1.839048672566371764e-02
1.600333982744224851e-02
1.911001911001911080e-02
1.838432635534084647e-02
1.654752449033624478e-02
1.866125760649087195e-02
1.891481430346541454e-02
1.676891615541922440e-02
1.710839994390688651e-02
1.877539582457615416e-02
1.826038472260942125e-02
1.724818959842001204e-02
1.933314653964696150e-02
1.914486279514996878e-02
1.482479784366576812e-02
1.776504297994269468e-02
1.512235358812207865e-02
1.531393568147013801e-02
1.595819799463352520e-02
1.691390544849577168e-02
1.670514735841369114e-02
1.499167129372570850e-02
1.524016873043951628e-02
1.623700327588662590e-02
1.660862577015805031e-02
1.433355659745478954e-02
1.745129870129870017e-02
1.662316252232449651e-02
1.777476255088195414e-02
1.591511936339522551e-02
1.661631419939577081e-02
1.512367491166077653e-02
1.736111111111111188e-02
1.753424657534246450e-02
1.782286811077598079e-02
1.765022904877391538e-02
1.602699283002952460e-02
1.697467488021902823e-02
1.705101327742837222e-02
1.419123725544227041e-02
1.744820065430752534e-02
1.659809902113774938e-02
1.601642710472279268e-02
1.573426573426573577e-02
1.683366733466933746e-02
1.701956580005360362e-02
2.174799510670110195e-02
1.750243089317960951e-02
1.542175137454740441e-02
1.572285143237841382e-02
1.702533369654045392e-02
1.835883171070931685e-02
1.749395534063433524e-02
1.444195176668536251e-02
1.232492997198879510e-02
1.676829268292683028e-02
1.833023055993126052e-02
1.621846409758802288e-02
1.911357340720221468e-02
1.864801864801864800e-02
1.737288135593220359e-02
1.687094448449891898e-02
1.607445008460236732e-02
1.953567383918459674e-02
1.752224503764544805e-02
1.478456772740073186e-02
1.796239124333427056e-02
1.621846409758802288e-02
1.675436167266685164e-02
1.590130226182316642e-02
1.926008036580296665e-02
1.752933057280883430e-02
1.546738399462004032e-02
1.665278934221482016e-02
1.904502788736226263e-02
1.283330956794524400e-02
1.662316252232449651e-02
1.925474442443551870e-02
1.627641347801256355e-02
1.624877433814259781e-02
1.685698749320282616e-02
1.625017069507032549e-02
1.495485327313769708e-02
1.681912068456771839e-02
1.808611148603050250e-02
1.461909871244635242e-02
1.798269334775554409e-02
1.883999461714439341e-02
1.563581015635810006e-02
1.906387821880779765e-02
1.686121919584954512e-02
1.857585139318885387e-02
1.550493962678375394e-02
1.496430532674354781e-02
1.538461538461538547e-02
1.433447098976109273e-02
1.531353135313531268e-02
1.685698749320282616e-02
1.374381528312259432e-02
1.584356266057664747e-02
1.556420233463035041e-02
1.577636313313036248e-02
1.733712582960856077e-02
1.642796967144060510e-02
1.751102793744151870e-02
1.660947151681537240e-02
1.535907015359070163e-02
1.554192229038854796e-02
1.484740170470167687e-02
1.373677371449786438e-02
1.425081433224755639e-02
1.658833287254631028e-02
1.692139737991266504e-02
1.909641360037261232e-02
1.699099622422306152e-02
1.960503720663995392e-02
1.524934743783486722e-02
1.631637168141593028e-02
1.717268855612034614e-02
1.531791907514450796e-02
1.810018240493896369e-02
1.679813029506280891e-02
1.313032546445034275e-02
1.538461538461538547e-02
1.841004184100418495e-02
1.826547685443390828e-02
1.571125265392781314e-02
1.793965751562924538e-02
1.466992665036674810e-02
1.597757533286615211e-02
1.736011477761836494e-02
1.327800829875518639e-02
1.654259718775847807e-02
1.885484541799528624e-02
1.803977272727272721e-02
1.671752686745389335e-02
1.575333243570755520e-02
1.671834973709046893e-02
1.716448168671442023e-02
1.599443671766342251e-02
1.761252446183952935e-02
1.685941201058938424e-02
1.589071647616392691e-02
1.564682872310701328e-02
1.641644450680510708e-02
1.561636263128800446e-02
1.687351833774926660e-02
1.821169382445570264e-02
1.545698924731182811e-02
1.498987170830519931e-02
1.673580317551137328e-02
1.662971175166296986e-02
1.755900978698906115e-02
1.619766643788606714e-02
1.505199781061850040e-02
1.386138613861386155e-02
1.860649247822644334e-02
1.677943166441136710e-02
1.716912261727727290e-02
1.818698493890309742e-02
1.589514779698828623e-02
1.885199774901519243e-02
1.650300054555373791e-02
1.823545186377044727e-02
1.630166309896262031e-02
1.815410199556541024e-02
1.624896722665932283e-02
1.539828249925969880e-02
1.752691139939276804e-02
1.817699349873955206e-02
1.633393829401088779e-02
1.584874183233699399e-02
1.645639056500274380e-02
1.786688488816148487e-02
1.563160118293198050e-02
1.518001074691026353e-02
1.647636941754588788e-02
1.548913043478260948e-02
1.603634905786449280e-02
1.752909830318328394e-02
1.574264202600958104e-02
1.709401709401709574e-02
1.904502788736226263e-02
1.619595770311872684e-02
1.610502097712816424e-02
1.439247163022419097e-02
1.882643946681324815e-02
1.633986928104575256e-02
1.935840707964601656e-02
1.524934743783486722e-02
2.139560900573346525e-02
1.596320346320346389e-02
1.692350027517886685e-02
1.679715302491103374e-02
1.637476861739997278e-02
1.971447994561522851e-02
1.777777777777777776e-02
1.995742416178818493e-02
1.870172110042011074e-02
1.731281444214264470e-02
1.590106007067137658e-02
1.327433628318584052e-02
1.809794180269694991e-02
1.534090909090909081e-02
1.423738370453904792e-02
1.643489254108723013e-02
1.372712146422628947e-02
1.743631657812287281e-02
1.527663088356730030e-02
1.999459605512023813e-02
1.463216366346023652e-02
1.847636899183291090e-02
1.701956580005360362e-02
1.331320340378808718e-02
1.524992939847500707e-02
1.658128875707737954e-02
1.809651474530831264e-02
1.555437383674554593e-02
1.600537995965030380e-02
1.483718487394957916e-02
1.693559141218829028e-02
1.620745542949756854e-02
1.513877207737594592e-02
1.440526821237481103e-02
1.598676957001102586e-02
1.607363648852864341e-02
1.792512690355330118e-02
1.658398299078667551e-02
1.722252597047567099e-02
1.554404145077720178e-02
1.663662830999584202e-02
1.624002202036884182e-02
1.635220125786163506e-02
1.511879049676025967e-02
1.902806297056810342e-02
1.685244161358811013e-02
1.670450859552384190e-02
1.731367509806573668e-02
1.652337452982267571e-02
1.418343914629204353e-02
1.468211206896551796e-02
1.573158847278295983e-02
1.466722014667220207e-02
1.789181692094313561e-02
1.598699363229914502e-02
1.575361907465228431e-02
1.611141452758055662e-02
1.842319154700623046e-02
1.650943396226415075e-02
1.965333697284018036e-02
2.133567148911296243e-02
1.533742331288343551e-02
1.581027667984189616e-02
1.540139021398391657e-02
1.406314628429615292e-02
1.633183986125162634e-02
2.123018758179438803e-02
1.399225960107174788e-02
1.585223967422920432e-02
1.463140123804164243e-02
1.594657216846122327e-02
1.657833944829460379e-02
1.735209728104932306e-02
1.724845995893223988e-02
1.823972206137811081e-02
1.702828893161219617e-02
1.698138839831544664e-02
1.740186159449615480e-02
2.221032914102220868e-02
1.911864406779660921e-02
1.572075672795097273e-02
1.694452036075430601e-02
1.436743381668218779e-02
1.646746347941567198e-02
1.850088423343762903e-02
1.585414189456995498e-02
1.795882610600087539e-02
1.940081826580440649e-02
1.724824200610322253e-02
1.660851360781577177e-02
1.709067188519243150e-02
1.909402159599683790e-02
1.973856209150326793e-02
2.019280875455966781e-02
1.671649904865452410e-02
1.567104205732654590e-02
1.517820842932646706e-02
1.694683613502801639e-02
1.716025463603653572e-02
1.541790641060319239e-02
1.585595270088685851e-02
1.825473655096113840e-02
1.850610164945688460e-02
1.765447667087011521e-02
1.821443355871395220e-02
1.822233875196643815e-02
1.486836720774791995e-02
1.897689768976897756e-02
1.858685253519202010e-02
1.786951101260562252e-02
1.764705882352941152e-02
1.726481783578031476e-02
1.824768549577351559e-02
1.474530831099195652e-02
1.743394170525742332e-02
1.618559482060965768e-02
1.639118457300275597e-02
1.464605370219690741e-02
1.875086171239486940e-02
1.688169091408180111e-02
1.742919389978213676e-02
1.592872570194384454e-02
1.837484687627603114e-02
2.035040431266846306e-02
1.829764163730008067e-02
1.890359168241965981e-02
2.164387199575089696e-02
1.959172489382107057e-02
1.612469766191883952e-02
1.906779661016949276e-02
1.694448271111723484e-02
1.481285544240179899e-02
1.598456662532727127e-02
1.605378704720087854e-02
1.589242053789731088e-02
1.577457192935148925e-02
1.745129870129870017e-02
1.842430908840918605e-02
1.866378144441439152e-02
1.631030701754385831e-02
1.486687390187863174e-02
1.630974329882286036e-02
2.054518598093191956e-02
1.542662116040955690e-02
1.451458304806244048e-02
1.782461618527192426e-02
1.729729729729729756e-02
1.620211451325003285e-02
1.612903225806451568e-02
1.861111111111110952e-02
1.967825337546682055e-02
1.718641718641718621e-02
1.954132175329081206e-02
1.648052301825115792e-02
1.870444230504744731e-02
1.647743007477153049e-02
1.624730409777138881e-02
1.619825557247681069e-02
1.681706316652994276e-02
1.716068642745709888e-02
1.572237960339943272e-02
1.711661564152518883e-02
1.666898180302819887e-02
1.674432149097262665e-02
1.549616150127950016e-02
1.546391752577319645e-02
1.647493253799176341e-02
2.012405237767057181e-02
2.041394953218032479e-02
1.620859760394643967e-02
1.712170291531698446e-02
1.898115840893230960e-02
1.373060551970341908e-02
1.961602671118531024e-02
1.777218024069409513e-02
1.725154821586552534e-02
1.885738231596591555e-02
1.655211109552531812e-02
1.695627802690582997e-02
1.812351875087132164e-02
1.642965621979842680e-02
1.479771925061091481e-02
1.728907330567081707e-02
1.735388032764125996e-02
1.926755944247061925e-02
1.577079773951899078e-02
1.921537229783826933e-02
1.870444230504744731e-02
2.009838369641602299e-02
1.965800457789147748e-02
1.736254650682100137e-02
1.755579749591725663e-02
1.789678135405105286e-02
1.902545852723788733e-02
1.814243162740319590e-02
1.838134430727023441e-02
1.424382069543359865e-02
1.720371381758601867e-02
1.413235493952982695e-02
1.867816091954023136e-02
1.980470361710906513e-02
1.684239353690264104e-02
1.615875265768958180e-02
1.906867486527566782e-02
1.525353854610416414e-02
2.040542354678480386e-02
1.798610164872598352e-02
1.807563959955506283e-02
1.774986346258874970e-02
1.487290427257977228e-02
1.511715797430083184e-02
1.939304219096965251e-02
1.747686885005140384e-02
1.431323974676575878e-02
1.780721118469462752e-02
1.518917426125379784e-02
1.700960219478737934e-02
1.543715846994535464e-02
1.879584352078239595e-02
1.812119454914468131e-02
1.997840172786177065e-02
1.491646778042959344e-02
1.647636941754588788e-02
1.622395419118816476e-02
1.769188894937397810e-02
1.694915254237288130e-02
1.590623691921306052e-02
1.868604478718671053e-02
1.571815718157181657e-02
1.830260303687635676e-02
1.828430024745669388e-02
1.777466759972008356e-02
1.942567567567567502e-02
2.069640609704936213e-02
1.778329197684036522e-02
1.925423728813559221e-02
1.771136017711360047e-02
1.635545863431920460e-02
1.718505894049140656e-02
1.832792894402932374e-02
1.935581430515651014e-02
1.738855516914321678e-02
1.712529274004684007e-02
2.085714285714285882e-02
1.976339596381350081e-02
1.945628997867803953e-02
1.229621442387399816e-02
1.721265963353692252e-02
1.794408123522047566e-02
1.758793969849246214e-02
1.773625778499864775e-02
1.642738818332413128e-02
1.793849658314350740e-02
1.978818283166109207e-02
1.616274209279643451e-02
1.700428803785302215e-02
1.913282863041982154e-02
1.495274368740301917e-02
1.554186502380285571e-02
1.619433198380566818e-02
2.046460176991150501e-02
1.928073294133734322e-02
1.528886483561087833e-02
1.610522077573479927e-02
1.813224267211997406e-02
1.957202505219206648e-02
1.988712711636656666e-02
1.791085589280831322e-02
1.644385026737968034e-02
1.729067392784207000e-02
1.736759006746088629e-02
1.499999999999999944e-02
1.626016260162601798e-02
1.619812583668005235e-02
1.972987288135593167e-02
2.106348504934452831e-02
2.111592784225982400e-02
1.952013013420089357e-02
1.968557758031442076e-02
1.942148760330578497e-02
2.031292890474883234e-02
1.899852724594992479e-02
1.577705691536419874e-02
1.927076112574518246e-02
1.963403232269266691e-02
2.151101783840503670e-02
1.785476349100599547e-02
1.898402723225975364e-02
2.130737866631592786e-02
1.794340924775707224e-02
1.757014437482974645e-02
2.132510729613733974e-02
1.853322742917659638e-02
1.981107320913146064e-02
2.109417528579205295e-02
1.643128734383487305e-02
1.995119850724845836e-02
1.913564175995834463e-02
1.731713621090721217e-02
1.778550414549344774e-02
2.383183826482795573e-02
1.776441650724241636e-02
1.783040696883081422e-02
2.226720647773279202e-02
1.986935220468154586e-02
1.910915589771789921e-02
1.820879417318586532e-02
1.911685514270328526e-02
2.017603249830738146e-02
2.025953389830508627e-02
1.635638297872340358e-02
2.057330955973117603e-02
1.857923497267759474e-02
2.326530612244898100e-02
1.959468527714400624e-02
1.761658031088082776e-02
1.748915401301518596e-02
2.105427323767935024e-02
2.009294696555494891e-02
1.818181818181818094e-02
1.863617111393477480e-02
1.559080962800875325e-02
1.859476690131491722e-02
2.016737549732473475e-02
2.033296943231440931e-02
1.595388121732135844e-02
1.842870999030067972e-02
2.128508713582546313e-02
1.758895954539304446e-02
2.126181211784324704e-02
1.700585447449121795e-02
1.693063899508465489e-02
1.973239626976618435e-02
2.143244709712425339e-02
1.667137609494207320e-02
2.050794513106071054e-02
1.881134133042530049e-02
1.827821961769220127e-02
2.139037433155080090e-02
1.607191500953418853e-02
2.202702702702702756e-02
2.162461879678402935e-02
2.033122391275077323e-02
1.893634165995165125e-02
1.750167000668002501e-02
1.825613079019073465e-02
1.823991479163893092e-02
2.087260974952868248e-02
2.009473230945887923e-02
1.893673727030439208e-02
1.885753613214040045e-02
1.921146953405018093e-02
1.994421199442119805e-02
2.186987424822307152e-02
1.815226225955025863e-02
2.221011036926011720e-02
2.243635840644326099e-02
1.996420212033594987e-02
1.911009697661152432e-02
1.521528002589834887e-02
2.189574798700381561e-02
2.005649717514124131e-02
1.636990235496840751e-02
1.858631371444663394e-02
1.987327188940092235e-02
1.902008520998173940e-02
1.851347672202559302e-02
1.724370200727468744e-02
1.866096866096866175e-02
1.983374653638617438e-02
1.996884294009347235e-02
1.985401459854014769e-02
1.938039326637431073e-02
1.915106474203229908e-02
1.763188073394495251e-02
2.037986967974490457e-02
1.797175866495507104e-02
1.818939183560122283e-02
2.022187894958573165e-02
1.796821008984104961e-02
2.008866722083679779e-02
1.890491527797227150e-02
1.700304119435996561e-02
1.949740034662044916e-02
1.858419633990637115e-02
1.503533303262667188e-02
1.939174107142857192e-02
2.004485562097000143e-02
1.893015918542951398e-02
2.007862959842740894e-02
2.114107602656186552e-02
1.882629798499779392e-02
2.060606060606060691e-02
1.843924925913730667e-02
2.217052141781853183e-02
2.098296014645824673e-02
1.904370461707083004e-02
1.669472502805836173e-02
1.724137931034482735e-02
1.870583344880144203e-02
1.803389830508474526e-02
2.257210533649156928e-02
2.179487179487179377e-02
2.134016218523260636e-02
2.026456515620602208e-02
1.838130521516101457e-02
1.927312775330396535e-02
1.982346983070467500e-02
2.108562473286793026e-02
2.327823691460055230e-02
2.094240837696335206e-02
1.679261125104953775e-02
1.910737202338514198e-02
1.814962372731297041e-02
1.761338617349185454e-02
1.669474651554602590e-02
1.952059710061719577e-02
2.148106274731486839e-02
2.105263157894736795e-02
1.989332564509153911e-02
2.324598478444632119e-02
1.981303195200223230e-02
2.196823511948938629e-02
2.017494356659142382e-02
1.898734177215189931e-02
1.741759032675975136e-02
2.079627856067861602e-02
1.774978528485542453e-02
1.885474860335195624e-02
1.820491109229466567e-02
1.884456671251719465e-02
1.682216567712751035e-02
2.053896576839038535e-02
2.236705673233594857e-02
1.987746766507828347e-02
1.955617198335644902e-02
1.849534139897093463e-02
2.323604420515726701e-02
2.033375403169260937e-02
1.899728610198542916e-02
1.953637556495116043e-02
2.012578616352201158e-02
2.133794694348327414e-02
1.845330328215241678e-02
1.694915254237288130e-02
1.867248194084775853e-02
1.928906034720308596e-02
1.737668161434977737e-02
1.907768322810870013e-02
1.928696668614844970e-02
2.087682672233820425e-02
1.864573110893032529e-02
2.268883878241262711e-02
1.749893299189073798e-02
1.927948212777933976e-02
2.170055957417769965e-02
1.852970795568982879e-02
2.093541202672605933e-02
1.808898614150255407e-02
1.856996636935224348e-02
1.926919783043105905e-02
1.987718164188752301e-02
2.315758811535100631e-02
1.970655926352129009e-02
1.817913094886195596e-02
2.264467430807939538e-02
1.954629761734912388e-02
2.007564736688972895e-02
1.553509781357882702e-02
1.964721066972608537e-02
2.159491884262526584e-02
2.028169014084506977e-02
2.347888332140300738e-02
1.547635950589237516e-02
2.043422733077905618e-02
2.112475021410219894e-02
2.224454649827784306e-02
1.864868741930856416e-02
2.126444983587840593e-02
1.970802919708029149e-02
1.952035694366982543e-02
2.228571428571428717e-02
1.870701513067400332e-02
2.101753877373532461e-02
1.943487250172295025e-02
1.882126665750789851e-02
1.948142957252978202e-02
2.371651785714285615e-02
2.173256866888017072e-02
2.061998339330196536e-02
2.118460873324686661e-02
2.067110293076596453e-02
2.024291497975708523e-02
2.032913843175217922e-02
1.746361746361746459e-02
2.049427365883062235e-02
1.918194640338504939e-02
1.923887094509198203e-02
2.267112338322918239e-02
2.092561478539789119e-02
2.073732718894009258e-02
2.305599312616354174e-02
2.171154659523473821e-02
2.241662110442865091e-02
2.009504412763068668e-02
1.988534575420996056e-02
1.832965821389195143e-02
2.176308539944903434e-02
2.255427121511136002e-02
2.309595820731372151e-02
2.328805101192126317e-02
2.339424141749723088e-02
2.362318840579710061e-02
2.085714285714285882e-02
1.947698174884227723e-02
2.117042189626493209e-02
2.273661142309272784e-02
2.125325654737419273e-02
1.983769161406672560e-02
1.975752132914234543e-02
1.948432464107822948e-02
1.937822389516241292e-02
2.395740905057675355e-02
2.226693494299128093e-02
1.967750751571467616e-02
1.785994046686511030e-02
1.919819311123658820e-02
2.107835649915992121e-02
2.069385270846013300e-02
2.209110867178924395e-02
1.949860724233983336e-02
2.061996449542537191e-02
1.990898748577929478e-02
1.702067801378534181e-02
2.307363623415467982e-02
2.410800385728061740e-02
1.997234598248578963e-02
2.215678025522367298e-02
2.038536721586148986e-02
1.564027370478983381e-02
2.172399387271967824e-02
2.211269481816970778e-02
2.035179531908707512e-02
2.162162162162162282e-02
2.170396333243461776e-02
1.866883116883116811e-02
2.165032679738562033e-02
2.341729067392784094e-02
2.269788823444907414e-02
1.766689143627781650e-02
2.070019449847179671e-02
1.764705882352941152e-02
2.211969059573890700e-02
1.808439383791024882e-02
2.024922118380062183e-02
2.153375937760489134e-02
1.975514746800222446e-02
2.123172103487063964e-02
1.920887877063175847e-02
1.981335247666906121e-02
2.222847495779403659e-02
2.059528847510226982e-02
2.155409115870400918e-02
2.102564102564102519e-02
1.948209099709583697e-02
2.135726020472639847e-02
2.081231079717456994e-02
1.854974704890387932e-02
2.127919774978598647e-02
1.721060683324834167e-02
1.808848692251283433e-02
2.099770934079918383e-02
2.322115981621755698e-02
2.063152597811045499e-02
2.002861230329041481e-02
2.037974683544303833e-02
2.101869761444229504e-02
1.909217347325831496e-02
1.735981016610465763e-02
1.959503592423252755e-02
2.197644355070382111e-02
1.904064445258147123e-02
2.027695351137487681e-02
1.909278852000486498e-02
2.243226212980466150e-02
1.804920262084312027e-02
2.155226111872430433e-02
2.104865137383413187e-02
2.241931510224193236e-02
2.216236071997061338e-02
1.999496981891348002e-02
1.845018450184501835e-02
1.937567276641550054e-02
2.209810587663914652e-02
1.852973234831052293e-02
2.063106796116504979e-02
1.886559802712700282e-02
2.165635411708710309e-02
2.123320537428022986e-02
1.898582071617399558e-02
2.165283291230602619e-02
1.781983532014255744e-02
2.191978802842346058e-02
2.099328214971209194e-02
1.731448763250883344e-02
2.202118795381502112e-02
1.924518870282429517e-02
2.245757305091233835e-02
2.322677322677322784e-02
2.137020741671904339e-02
2.262389274598994651e-02
2.241503976861894398e-02
1.987072061288005717e-02
2.012072434607645871e-02
1.830282861896838711e-02
2.086581124835112239e-02
1.893004115226337367e-02
1.944149876281371647e-02
2.249969093831128558e-02
2.142422398052343246e-02
2.193338748984565226e-02
2.143895348837209294e-02
2.125880807356980706e-02
2.019274896741624428e-02
1.819487670576969141e-02
2.000702000702000646e-02
1.739443378119001973e-02
1.871052317959718755e-02
2.260508308895405744e-02
2.200825309491059173e-02
1.941517698591215674e-02
2.114548090865152330e-02
1.880988997988879835e-02
2.246523237846190582e-02
2.140779522978475749e-02
1.899847543098393335e-02
1.698243992606284641e-02
1.875434128270432946e-02
2.012787118162443628e-02
2.260281952697192065e-02
2.188336631358398301e-02
2.082101029220395291e-02
2.186555012793672814e-02
2.141277784242988369e-02
2.075843673895395869e-02
2.184912603495860195e-02
2.063789868667917360e-02
2.107604321118407287e-02
2.292029059654149270e-02
2.186981757877280372e-02
2.067807284559672679e-02
2.002306321417339496e-02
2.112238558707807065e-02
2.174354805933753285e-02
2.061532021766429579e-02
2.055352055352055451e-02
1.921111792356427692e-02
1.991865679424340355e-02
1.786820904771741284e-02
1.768721555647496946e-02
1.897473529720096475e-02
2.015250544662309379e-02
2.067532467532467652e-02
2.383888203863543040e-02
2.098625038767703774e-02
2.318441668431081917e-02
2.136486206181290037e-02
2.198873483535528431e-02
2.010416666666666602e-02
2.237557507319113195e-02
2.126168224299065587e-02
2.046965918536990808e-02
1.994490358126721832e-02
1.782985226693836051e-02
2.115801424295592897e-02
2.010304071118294844e-02
1.940734557595993198e-02
1.865327457210208192e-02
1.926888350583571760e-02
1.918835465372739288e-02
1.910191019101910304e-02
1.964655938394708340e-02
1.800041143797572601e-02
1.921326726665992593e-02
1.812596006144393326e-02
1.848982543125710087e-02
1.961796592669075995e-02
2.177084502300527524e-02
1.698754246885617047e-02
1.918336727038902692e-02
2.044841187461075502e-02
1.861003049101040904e-02
1.833598304186539324e-02
1.792003314688212293e-02
2.028145695364238360e-02
2.083767451552406835e-02
1.888750518887505336e-02
1.921101294431888304e-02
1.859979101358411741e-02
2.094986270721041488e-02
1.990560229837882306e-02
1.798336798336798437e-02
2.076194315662164766e-02
2.147801302931596004e-02
1.989528795811518203e-02
1.883219358232509147e-02
1.801986280331729223e-02
1.972406745017884350e-02
1.982973421926910451e-02
1.983769161406672560e-02
1.800261490495826122e-02
2.145350030794497889e-02
1.921884686918784793e-02
1.988031240490922141e-02
1.786267423851316608e-02
1.788499532078610676e-02
1.903168461779776097e-02
2.125702606029637037e-02
2.121494359929628620e-02
2.027486732888828316e-02
1.861675507957161538e-02
2.094763092269326735e-02
1.793160967472894052e-02
1.854974704890387932e-02
2.023439847741160050e-02
1.904090267983074916e-02
1.804681860369186305e-02
1.730632189758729567e-02
2.008154943934760406e-02
1.952489424015619798e-02
1.968763748350197892e-02
2.196461256863941475e-02
2.008814184687916435e-02
1.784985720114239116e-02
2.048473785620119614e-02
2.007952286282306195e-02
1.622283440465258769e-02
1.623505976095617614e-02
2.173265852932420444e-02
2.048229240238119350e-02
1.750679142770902516e-02
2.026958548697679191e-02
1.901408450704225248e-02
2.120679554774458284e-02
2.248784440842787821e-02
1.741243166632921655e-02
1.913278569200374188e-02
1.793900737492525391e-02
2.227396982889541521e-02
1.801248592774536833e-02
1.858125449132532608e-02
1.987829614604462447e-02
2.153085402287009328e-02
1.871306631648063032e-02
1.980792316926770560e-02
1.848618671048577605e-02
2.238805970149253602e-02
2.115858668857847208e-02
1.835819338687806265e-02
1.938225538971807480e-02
1.983627204030226701e-02
1.953498248221679709e-02
2.055148197872560048e-02
1.975083561227590490e-02
2.024209134370867635e-02
1.946472019464720246e-02
2.111075024358557983e-02
2.060173380928097958e-02
1.766026949775418436e-02
2.027705280064244150e-02
1.893850830021042916e-02
1.917435037720033666e-02
1.862775535547966585e-02
2.011045118266124865e-02
1.843124934548120292e-02
2.197688815517952893e-02
1.954498448810754879e-02
1.960375391032325235e-02
2.121390689451974065e-02
2.019462174322486300e-02
2.050387174173846569e-02
1.926196269261962538e-02
2.069178505250154551e-02
2.072745391131041240e-02
2.120750887874175636e-02
1.847277413811620680e-02
1.899719713484895531e-02
1.946883927626706298e-02
2.158273381294964141e-02
2.024922118380062183e-02
1.939792240831036615e-02
1.763594373294142398e-02
2.067373281561548856e-02
1.911929217939591086e-02
2.069536423841059763e-02
2.000410340582683619e-02
1.945326098085389463e-02
2.152864790978471429e-02
1.899827288428324740e-02
1.912452188695282565e-02
1.942665126535755502e-02
1.938775510204081634e-02
1.930862659607598952e-02
1.953800753027373424e-02
2.227525855210819514e-02
1.718968618828702749e-02
1.855895196506550382e-02
2.076677316293929626e-02
2.026404666871354024e-02
1.885014137606031911e-02
1.690112336808015370e-02
1.911151773914811572e-02
2.077274615704196095e-02
1.835885992494167701e-02
2.080783353733170124e-02
1.686963465761628922e-02
1.855306799336649964e-02
2.082051282051282023e-02
1.795878312070657568e-02
1.768250518620962178e-02
2.111974496911735513e-02
1.887911436196500897e-02
2.125485387287962338e-02
1.630434782608695607e-02
1.861285266457680249e-02
1.706586826347305380e-02
1.778480387313506605e-02
1.942992405562678909e-02
1.893218471401382497e-02
1.728201099764336071e-02
2.038166947942359961e-02
1.749447013874924628e-02
2.194816053511705611e-02
2.082285484357710575e-02
1.837140019860973236e-02
1.864287862082790459e-02
1.889637149462257415e-02
1.638123603871928513e-02
2.212166918049271111e-02
2.016088985996623145e-02
2.018050907615860298e-02
1.898042333300208745e-02
1.807955002008838907e-02
1.800732165825665379e-02
2.054725869499849505e-02
1.965408805031446451e-02
2.136059931160153719e-02
2.149053627760252536e-02
2.010794793099798805e-02
1.760216642048251928e-02
1.865929509329647407e-02
1.966442235759324406e-02
1.996464593948216529e-02
2.015288394718554518e-02
1.860792597062965043e-02
1.913580246913580349e-02
2.066578438358953468e-02
2.064335103717807388e-02
1.889944659079043424e-02
2.059282371294851935e-02
1.831320530588002524e-02
2.083744815326881231e-02
1.895161290322580627e-02
1.923664122137404633e-02
1.973481344434165757e-02
1.923686713878025589e-02
1.701913393756293927e-02
1.931330472103004459e-02
1.884510732641338226e-02
1.974794085541331859e-02
1.955555555555555519e-02
1.981662230109434986e-02
2.008769246456612589e-02
1.911146688012807515e-02
1.980837549790074453e-02
1.992553084431921209e-02
2.274598600247015184e-02
1.903898458748866721e-02
2.138441268876051585e-02
2.015814678694732159e-02
2.062064085717173895e-02
1.961786042709717098e-02
2.262828003824498072e-02
2.089037622959132035e-02
2.153418676193311412e-02
1.904963488199809540e-02
1.974293059125964075e-02
2.097051970418397498e-02
1.983059292476332947e-02
2.159537094441000074e-02
2.137358184764991814e-02
2.153617653299384760e-02
2.152456950860982821e-02
1.813311353801771997e-02
2.093559050385655762e-02
2.252297747702252176e-02
1.950390078015603115e-02
2.112318472631258270e-02
2.178865009408735218e-02
2.039184326269492115e-02
2.076976080322866583e-02
1.972491736858940359e-02
1.916835699797160217e-02
1.957350365715463184e-02
1.929521681730476251e-02
2.146099876186545463e-02
1.880752300920368256e-02
2.247892600686856104e-02
2.139319211718832339e-02
2.048749737339777138e-02
2.286860581745235599e-02
2.103174603174603335e-02
2.302931926549659988e-02
1.866560762509928556e-02
1.950228542407313193e-02
1.914655260209797288e-02
1.910055583628094897e-02
2.139358192542237247e-02
1.971344375571588287e-02
2.125100240577385696e-02
1.927258351452856150e-02
1.879585888028947535e-02
1.864423953794710695e-02
1.981293372221663504e-02
1.946938363764753183e-02
1.746506986027944117e-02
1.994614540740001843e-02
2.008551257830366865e-02
2.197582659075017486e-02
2.120214079868258661e-02
2.077869679241476850e-02
1.987540789083358170e-02
2.098604277537905252e-02
1.883846794338051717e-02
2.172172172172172344e-02
2.014418999151823542e-02
2.149889491661643656e-02
2.154613466334164701e-02
2.009897990102009827e-02
2.011116725618999554e-02
2.382119400058817921e-02
2.090350703388151390e-02
2.226456724501053169e-02
2.119325030132583262e-02
1.862030286034772886e-02
2.155887230514096087e-02
2.189853349187475401e-02
1.857877611000315066e-02
1.973684210526315680e-02
2.146690518783541876e-02
2.049622437971952704e-02
2.192434397364534729e-02
1.801343374720130314e-02
1.921259842519685082e-02
2.009409919623603158e-02
1.947025103775449836e-02
1.851243290612334183e-02
1.706555671175858518e-02
1.890243902439024334e-02
2.075782537067545272e-02
2.186031260247021588e-02
1.978131212723658119e-02
2.184561128526645718e-02
1.921111792356427692e-02
2.257542012553148333e-02
1.868875644004444961e-02
2.133580705009276504e-02
1.961189099917423628e-02
2.023505365355135477e-02
2.038099139696845571e-02
2.075822134819185066e-02
2.022550273160525491e-02
2.208267922553636825e-02
1.862874779541446105e-02
2.027534418022528331e-02
2.185011231366142462e-02
1.967944816392777282e-02
1.957970271655561090e-02
2.010102051334913820e-02
2.180945424188667284e-02
1.998964267219057594e-02
1.955782312925170158e-02
2.131164418820137921e-02
2.288895762449737192e-02
2.025553131816765218e-02
1.909283766036973598e-02
1.868032539921663307e-02
2.086743044189852750e-02
2.044571662236761497e-02
1.917265812232989489e-02
2.058854112509098458e-02
1.980798383021728157e-02
2.306445580351577235e-02
2.150537634408602322e-02
1.924619085805934215e-02
2.370167491836089671e-02
2.341798501248959150e-02
1.812073704570904900e-02
1.883767535070140359e-02
2.115858668857847208e-02
2.079337841929948527e-02
2.159827213822894040e-02
2.033823366861943135e-02
1.872902457507848867e-02
2.161928440168630478e-02
2.000884368781781844e-02
2.111008135104520608e-02
1.947588457224431677e-02
1.868686868686868577e-02
2.081483673670711174e-02
1.944388474712875278e-02
2.163997029807998226e-02
2.272957889396245643e-02
2.323371000105607653e-02
1.942719807730823242e-02
1.940437895610667290e-02
2.016839631877814787e-02
1.896604466197613845e-02
2.080015923566878866e-02
2.083333333333333218e-02
1.942790198184125849e-02
2.014088699275721692e-02
2.038825480440932536e-02
1.993693418777336968e-02
1.911779348800159151e-02
2.371113734750098304e-02
2.046813253622454046e-02
2.241532536782857646e-02
2.062723637129025567e-02
1.957682420407355975e-02
2.011609287429944048e-02
2.153324693450303987e-02
2.190657197159147709e-02
2.078027910767036787e-02
1.904170547449032455e-02
2.143362652916792899e-02
2.198245437128163587e-02
2.233429394812680088e-02
2.109300095877277015e-02
2.309657639243740263e-02
1.974970668752444244e-02
2.001506510276552381e-02
1.784007645747053353e-02
2.085213032581453504e-02
2.174575754496494220e-02
1.921371563700857363e-02
2.041226747109100084e-02
1.828537170263789050e-02
2.001829082410324159e-02
1.988071570576540811e-02
2.207078925956061990e-02
1.917061850469175752e-02
1.916357861302276505e-02
2.016006483638942484e-02
2.110053785684733174e-02
2.202465144473630954e-02
1.770708283313325235e-02
2.018618324350808513e-02
1.832406835495161562e-02
1.969322117763483426e-02
2.000196097656633046e-02
1.865854856132770356e-02
1.984339804783867914e-02
1.842956572885011413e-02
1.993024414549078235e-02
1.979515461886940941e-02
1.868131868131868087e-02
2.077238150965476926e-02
1.874310915104740807e-02
1.952322235922729007e-02
2.043623501670269182e-02
2.375657096643752492e-02
2.186981757877280372e-02
2.131533847472150828e-02
2.039207959806915715e-02
2.073869247481730307e-02
2.323907455012853493e-02
2.144689584402257460e-02
2.096985583224115351e-02
2.077687443541102047e-02
2.152367604364801429e-02
2.511255627813906849e-02
2.365697387875800861e-02
1.769822006472492049e-02
2.167467539106430682e-02
2.230821761893922103e-02
2.351286173633440613e-02
1.911540416878495033e-02
2.202733020599632885e-02
2.050651081718445762e-02
2.347557942902616171e-02
1.987993307745300822e-02
2.241066020593579511e-02
2.142007140023800132e-02
2.216699801192843072e-02
2.084193148988856825e-02
2.514135702746365247e-02
2.186350633428688073e-02
2.329269501437208900e-02
2.412435651559503499e-02
2.279650191608529122e-02
2.181741156534632367e-02
2.166815078658355584e-02
1.958115183246073379e-02
2.027631448166186331e-02
2.391219129753038158e-02
2.380007933359777964e-02
2.102607232968881426e-02
2.029925708904467899e-02
1.959793918577634048e-02
2.295918367346938896e-02
2.123226510566524408e-02
2.177786576915462236e-02
2.062068254459222677e-02
2.349760865044707783e-02
2.007590890930882957e-02
2.019772509833103052e-02
2.348790322580645087e-02
2.151418911996721625e-02
2.004197271773347153e-02
2.179101380097540896e-02
2.236261532290413287e-02
2.176505664877757817e-02
2.141070535267633815e-02
2.330466093218643703e-02
1.822575772832544724e-02
2.254911448756411613e-02
2.356375768950057237e-02
2.484599589322382049e-02
2.240063435424720015e-02
2.190507799535346828e-02
1.997981836528758826e-02
2.183839587055787235e-02
2.050045221585770211e-02
2.290000000000000022e-02
2.164201330288891001e-02
2.330398757120662884e-02
2.220592856394678835e-02
2.093430958028256322e-02
2.059944381501699340e-02
2.264952223664032024e-02
2.226720647773279202e-02
2.301319423135931436e-02
2.005525427197380611e-02
2.315006200909466849e-02
2.246965593339352030e-02
2.191403768791022610e-02
1.972761866613258544e-02
2.183765966213432191e-02
2.173623149753300607e-02
2.445955546534050659e-02
2.288855572213892992e-02
2.219026094103143665e-02
2.268831299788242467e-02
2.194357366771159876e-02
2.662406815761448470e-02
2.285891601158460823e-02
1.949278965688712104e-02
2.052545155993431777e-02
2.249821846686348228e-02
2.150757886112249218e-02
2.081689029202841296e-02
2.255935375825041805e-02
2.174566589838661246e-02
2.049644659594190843e-02
2.001549586776859430e-02
2.385302476654486276e-02
2.052785923753665601e-02
2.088928678006565093e-02
2.110091743119266172e-02
2.154828411811652092e-02
2.076158614582308479e-02
2.083333333333333218e-02
2.211548083658560968e-02
2.137791286727457052e-02
1.980695757088276818e-02
2.182500493778392198e-02
2.197474395943124076e-02
2.496186381916516359e-02
2.276310603074497424e-02
2.190569744597249680e-02
2.366285323164173116e-02
2.094090648307515845e-02
2.021549512570549115e-02
2.265269397692389053e-02
2.299999999999999961e-02
2.282053848463617279e-02
2.287191726332537742e-02
2.266316506176441897e-02
2.534956241826778062e-02
2.068052159739201465e-02
2.084996009577015294e-02
2.156902086677367492e-02
2.184466019417475799e-02
2.207351178585697030e-02
2.179538216560509417e-02
2.036807278742762753e-02
2.578565672844480156e-02
2.328323017978190315e-02
2.506543185021139694e-02
2.288626823905656749e-02
2.056256062075654742e-02
2.148621737763337092e-02
2.197695807919449948e-02
2.186274509803921504e-02
2.381652455160247067e-02
2.227598024392702519e-02
2.301508644422420313e-02
2.116925511920071321e-02
2.170840064620355517e-02
2.160557034609870974e-02
2.121542579557846725e-02
2.278177458033573202e-02
2.447833065810593733e-02
2.352331606217616597e-02
2.546597312527091456e-02
2.370045807608046201e-02
2.479857695929684955e-02
2.173697270471464105e-02
2.157085354525751023e-02
1.981399110392235985e-02
2.126517022876167964e-02
2.339421301046583357e-02
2.136498516320474786e-02
2.267595955629723992e-02
2.029742765273311739e-02
2.144288577154308470e-02
2.182751979456451843e-02
2.331865492393915204e-02
2.274093368062512360e-02
2.090946000812017938e-02
2.091196572477812751e-02
2.350983043794861033e-02
2.226861517049408615e-02
2.179972128210232868e-02
1.792520861234160948e-02
1.879497368703683668e-02
2.263689201590700362e-02
2.132132132132132096e-02
2.150113423414537830e-02
2.264344262295081914e-02
2.176034348165495694e-02
1.921090683743028465e-02
2.140250517802544730e-02
2.523070881602199056e-02
2.140610733488891235e-02
1.986754966887417304e-02
2.190294383602933714e-02
2.262854833821598133e-02
2.139942271324773646e-02
2.302664655605832222e-02
2.144210631295502198e-02
2.394125339503068092e-02
2.498992341797662275e-02
2.121060530265132457e-02
2.299090814087156529e-02
1.975392256462354598e-02
2.304241435562805890e-02
2.196070190185982901e-02
2.078027910767036787e-02
1.928798604698881564e-02
2.432675943537891683e-02
2.247429237782253703e-02
2.109838846480067975e-02
2.247663060602878016e-02
1.991907874260815531e-02
2.455059065228556645e-02
2.148358329955411469e-02
2.135085198111270899e-02
2.015920603742375750e-02
1.832645252240459183e-02
2.121455861652925962e-02
2.051025512756378053e-02
2.265830467327533890e-02
2.169714869930705614e-02
2.221084953940634724e-02
2.357179619145650940e-02
2.069467554076538998e-02
2.387378036122067559e-02
2.145077720207253999e-02
2.211354454603444569e-02
2.091082738514124864e-02
2.185192576332069606e-02
2.150109496316942106e-02
2.347940491853051440e-02
1.986419377723725593e-02
2.090486770349424261e-02
2.302732575990175043e-02
2.158495220474868775e-02
1.996110144334118167e-02
2.182683355746353401e-02
2.325831807903520898e-02
2.216245293168370156e-02
2.335456475583863947e-02
2.259541984732824429e-02
2.275811671364443012e-02
2.179697093737208505e-02
2.104712041884816698e-02
2.211155378486055756e-02
2.756719503790489370e-02
2.357383406470047946e-02
2.233745512564818542e-02
2.193074501573976862e-02
2.280130293159609092e-02
2.273419263168578036e-02
2.412868632707774671e-02
2.584134615384615224e-02
2.308580223162754949e-02
2.489884842826019240e-02
2.239170822333039906e-02
2.326934264107038963e-02
2.111553784860557836e-02
2.159200773445053151e-02
2.293762575452716265e-02
2.376435346979530877e-02
1.898070469798657581e-02
2.137435077906512174e-02
2.091008662750174288e-02
2.007648183556405216e-02
2.077980113953748278e-02
2.379751941111223068e-02
2.036659877800407401e-02
1.969803019698030191e-02
2.286241541931515256e-02
2.031872509960159362e-02
2.415697101163478619e-02
2.251900955351920572e-02
2.419194923656553531e-02
2.351788339049485504e-02
2.086330935251798704e-02
2.271771140092553737e-02
2.012152604841119588e-02
2.185682775215560397e-02
2.402210884353741388e-02
2.494869856355978049e-02
2.392440691596300906e-02
2.270075315582900308e-02
2.607640994542146859e-02
2.429271218634409743e-02
2.282840007738440660e-02
2.339756193472276868e-02
2.317817626859977262e-02
2.308901552367852161e-02
2.163650668764752205e-02
2.191235059760956311e-02
2.211908758763701105e-02
2.316372995446446328e-02
2.334630350194552562e-02
2.116402116402116285e-02
2.273416186723249341e-02
2.069452856854431602e-02
2.547198082109679296e-02
2.379055207740466554e-02
1.858585858585858758e-02
2.276776875866165159e-02
2.028049641812127921e-02
2.477274997502746864e-02
2.103622906116088889e-02
2.359382777501244435e-02
2.057926829268292776e-02
2.260799354057327348e-02
2.230520791279774068e-02
2.274975272007912983e-02
2.436578762659179914e-02
2.145643693107932362e-02
2.389579864851630597e-02
2.279262967302161935e-02
2.346805736636245129e-02
2.228915662650602508e-02
2.114164904862579283e-02
2.269319204238728210e-02
2.438296178343949197e-02
2.290227048371174662e-02
2.232232232232232369e-02
2.374859248643668846e-02
2.327645724430417104e-02
2.102255332176752867e-02
2.294170225444433497e-02
2.166749875187219329e-02
2.366504854368932029e-02
2.261027556273342148e-02
2.148238647933211135e-02
2.081689029202841296e-02
2.300030803983981950e-02
2.216530391094473362e-02
2.264519277696437280e-02
2.115016617987712857e-02
2.006079027355623171e-02
2.332450600937054433e-02
2.267916540671303244e-02
2.287712287712287754e-02
2.402462027201429651e-02
2.302363488182558940e-02
2.471709350804050104e-02
2.084629744866210374e-02
2.026137169486374318e-02
2.143796137122054926e-02
2.287940853232090996e-02
2.274328268088960520e-02
2.229139471834521574e-02
2.234064357450297328e-02
2.401433691756272443e-02
2.161524857535861502e-02
2.192670794843163198e-02
2.031839128613322290e-02
2.692229247399551342e-02
2.396088019559902346e-02
2.127870150435471133e-02
2.290536467751657507e-02
2.200867947923124471e-02
2.521678461078441166e-02
2.116780856938337355e-02
2.193653708805223812e-02
2.211251671294867799e-02
2.130387612190551283e-02
2.158128277531262684e-02
2.031978680879413870e-02
2.409400612224745636e-02
2.229654403567447180e-02
2.244413684002373108e-02
2.364994255074684068e-02
2.194543297746144594e-02
2.224380767362797370e-02
2.076329839825983778e-02
2.127240496356115965e-02
2.186532507739938000e-02
2.430453879941434775e-02
2.360346184107002532e-02
2.261852979556328719e-02
2.241667485989578060e-02
2.262175244492739198e-02
2.409158785465405697e-02
2.466434609646941944e-02
2.189565045862510925e-02
2.354803601464331569e-02
2.377323986589454513e-02
2.363813229571984365e-02
2.385467611538077612e-02
2.333603896103896014e-02
1.957602190891571253e-02
2.229795520934761341e-02
2.569635151039623491e-02
2.334004024144869377e-02
2.291711287213536036e-02
2.278151442829247017e-02
2.109955423476968933e-02
2.034461282956196923e-02
2.387181164159581440e-02
2.146183437942903588e-02
2.048720823565385735e-02
2.375532020192022004e-02
2.337718821354789478e-02
2.213636838258327411e-02
1.932594862125854365e-02
2.140097096997919252e-02
2.396449704142011861e-02
2.653164556962025328e-02
2.401115871276277708e-02
2.414654454621149166e-02
2.307932217486225249e-02
2.377551020408163324e-02
2.169035153328346954e-02
2.199642697632871874e-02
2.056451612903225853e-02
2.192025391787343763e-02
2.040608101214161710e-02
2.320232023202320124e-02
2.386903274181454565e-02
2.322940326244063436e-02
2.065316919320378530e-02
2.388119606662653105e-02
2.244857594936709028e-02
2.291277411741567474e-02
2.044907778668805104e-02
1.960354835176869939e-02
2.562065541211519526e-02
2.339058054999473141e-02
2.202202202202202183e-02
2.436849925705794964e-02
2.004110996916752194e-02
2.341305883540216112e-02
2.313832474487218308e-02
2.369157872065474901e-02
2.152721364744110411e-02
2.261208576998050696e-02
2.271844660194174623e-02
2.507419916078190703e-02
2.249488752556237300e-02
2.172853941342687417e-02
2.281879194630872382e-02
2.176870748299319577e-02
2.259998034784317655e-02
2.327628361858190623e-02
2.457026318345149202e-02
2.287228821046431715e-02
2.119613891929545205e-02
2.154576003162680248e-02
2.139313766019016252e-02
2.413213332014637474e-02
2.443850796477688853e-02
2.334903296923539553e-02
2.114228456913827547e-02
2.200678623364032971e-02
2.157716497339138770e-02
2.065369961900942464e-02
2.173913043478260809e-02
2.233754512635379233e-02
2.056879000944485114e-02
2.289548998322313289e-02
2.266067591326430958e-02
2.544769085768143133e-02
2.081518055958950578e-02
2.349923037455105279e-02
2.396856581532416652e-02
2.285382830626449951e-02
2.520681265206812724e-02
2.385397220493673531e-02
2.540465215993139778e-02
2.182461659457334002e-02
2.130639191757527362e-02
2.197471402769415882e-02
2.070916254167087453e-02
2.070977151191055049e-02
2.210985524489391188e-02
2.019607843137254805e-02
2.240516882034180798e-02
2.601754213067901736e-02
2.047391394720432176e-02
2.135572885422915360e-02
2.196509119435183233e-02
2.210388827489199320e-02
2.599795291709314227e-02
2.196714822877498391e-02
2.040816326530612082e-02
2.463840399002493672e-02
2.281746031746031619e-02
2.328564380858411456e-02
2.186542727368754463e-02
2.073459715639810325e-02
2.150422595485182442e-02
2.280163599182003994e-02
2.377959354703540820e-02
2.217294900221729662e-02
2.157708905453118928e-02
2.084201750729470712e-02
2.228059933839268356e-02
2.246244559876456673e-02
2.129361191642507173e-02
2.781932396051450818e-02
2.391304347826087029e-02
2.160735236605396820e-02
2.193497845671758817e-02
2.136709862498763560e-02
2.253101736972704799e-02
2.307932217486225249e-02
2.062268495344879438e-02
2.185463659147869608e-02
2.362440191387559646e-02
2.284238752607011674e-02
2.040415930939768613e-02
2.332127060715721845e-02
2.351190476190476164e-02
2.264636075949367014e-02
2.206320810971973759e-02
2.116458960034378958e-02
2.160300563556668760e-02
2.266112266112266238e-02
2.180496668685645220e-02
2.294436238306253248e-02
2.451625975078512709e-02
2.114563685098778956e-02
2.085816448152562688e-02
2.171032514524513443e-02
2.104938905431769092e-02
2.356286816981515223e-02
2.198139249565484246e-02
2.157040620905150557e-02
2.151402432894339994e-02
2.386972792555881392e-02
2.272727272727272790e-02
2.222902008769246304e-02
2.340728679014858482e-02
2.117009072896026620e-02
2.117742425777687648e-02
2.278376139188069763e-02
2.390274057284154027e-02
2.484874675885911932e-02
2.247969895028718509e-02
2.402402402402402382e-02
1.864303178484107495e-02
1.909862570735650772e-02
2.383356897596445104e-02
2.176333637007794169e-02
2.252892226507002132e-02
2.284340246468289856e-02
2.268431001890359316e-02
2.374505311393459647e-02
2.465503246753246794e-02
2.033898305084745617e-02
2.094500694858050446e-02
2.436289500509683861e-02
2.283833649147302275e-02
2.221135029354207382e-02
2.351327520329185919e-02
2.411543783356394702e-02
2.461782807226523678e-02
2.116173612610667415e-02
2.112745581992299393e-02
2.553106612147202498e-02
2.240591690232760641e-02
2.163687676387582304e-02
2.502207830438622424e-02
2.219397731716855546e-02
2.190476190476190604e-02
2.330343213728549093e-02
2.340573242090647488e-02
1.962880186570789900e-02
2.083126673941077325e-02
2.374178357696458269e-02
2.014119601328903664e-02
2.326252042679996176e-02
2.446483180428134577e-02
2.375706485295526332e-02
1.977346899596851490e-02
2.108632213122470234e-02
2.306327616794795823e-02
2.564347909290977043e-02
2.239161505478799372e-02
2.511255627813906849e-02
2.282588190907375997e-02
2.370203160270880488e-02
2.235170503390963848e-02
2.232679215058069530e-02
2.105039336593663574e-02
2.186955680278691860e-02
2.468666919863273662e-02
2.389588222743759330e-02
2.563332332031641181e-02
2.148681055155875208e-02
1.988854727132974634e-02
2.195474241694752096e-02
2.337843215280541176e-02
2.389635316698656559e-02
2.046520914445442915e-02
2.300319488817891347e-02
2.401833765198325629e-02
1.877346683354192899e-02
2.211445198836081358e-02
2.427424947983751122e-02
2.220929104839491908e-02
2.143141945773524570e-02
2.112812560573754453e-02
2.627450980392156965e-02
2.068563659318247913e-02
2.114951532360716605e-02
2.505425133162359277e-02
2.545562599049128530e-02
2.267528592739930307e-02
2.053650388130097426e-02
2.196600735513368555e-02
2.058938329430132566e-02
2.394549644324215840e-02
2.184466019417475799e-02
2.219446579554188934e-02
2.153937357968580338e-02
2.184857027788964998e-02
2.306739109713087238e-02
2.316825948450622688e-02
2.253134796238244475e-02
2.271619381885541661e-02
2.148571428571428507e-02
1.990493166963755098e-02
2.340078641987148808e-02
2.201164741881354164e-02
2.282398452611218709e-02
2.039402039402039499e-02
2.279475146058806620e-02
2.333811573409851764e-02
2.268964845651962048e-02
2.231098986749805238e-02
2.492150706436420740e-02
2.242729906642343743e-02
2.384156892905210656e-02
2.074770013701311352e-02
2.139661544446605848e-02
2.246860282574568435e-02
2.161569877477836563e-02
2.357770141275295980e-02
2.280322390406919544e-02
2.207591014717273301e-02
1.962869851092631859e-02
2.306017418844022102e-02
2.048205234302265601e-02
2.368096997253007346e-02
2.201944058718508304e-02
2.396410158487683947e-02
2.710727969348658908e-02
2.059631227932522471e-02
1.966955153422501879e-02
2.216409691629955825e-02
2.265861027190332194e-02
2.289555728760717113e-02
2.034220532319391470e-02
2.549279757391963511e-02
2.123570673585086985e-02
2.097290999126128624e-02
2.287361845266698557e-02
2.065176203107237443e-02
2.267704429710771727e-02
2.168380331874172895e-02
2.045499900219516914e-02
2.375727506917279033e-02
2.237178879514645918e-02
2.245049242825373353e-02
2.393279281039367018e-02
2.408822675824707354e-02
2.184133202742409574e-02
2.026831386931763485e-02
2.189999999999999933e-02
2.387241952842187806e-02
2.142271422714227269e-02
2.556036177742823309e-02
2.365778292777134112e-02
2.171372930866601741e-02
2.244243660740308927e-02
2.267222168394535456e-02
2.397327569267046488e-02
2.426223014458308430e-02
2.183056278790306351e-02
2.261563651248464993e-02
2.246335427374833438e-02
2.456717284070026111e-02
2.312083729781160696e-02
2.422584741623522511e-02
2.304409672830725481e-02
2.144513137557959789e-02
2.207963766748443149e-02
2.279968140183193798e-02
1.971414489896500602e-02
1.886610838386755182e-02
2.134206869168155801e-02
2.313725490196078330e-02
2.417962003454231582e-02
2.627779382038694655e-02
2.333073018352206304e-02
2.341519131924614527e-02
1.872551829559568337e-02
2.320431349894088238e-02
2.269043760129659665e-02
2.018829467145491496e-02
2.321102777214676532e-02
2.184320766008378267e-02
2.068622575832919017e-02
2.229845626072041176e-02
2.217702885919039385e-02
2.187379016647309285e-02
2.214306344469047991e-02
2.413523548954465622e-02
2.405300302462912154e-02
2.137674053736026564e-02
2.356537172155393281e-02
2.421472332976757832e-02
2.213387772644246146e-02
2.256713979373021692e-02
2.152205525933107225e-02
2.346270407664483373e-02
2.370457439514154011e-02
2.176119066411094996e-02
2.031930333817126219e-02
2.292348913367073596e-02
2.447030737093405101e-02
2.142152023692003859e-02
1.987015542002754445e-02
2.295724077902295754e-02
2.510501123375988991e-02
2.414759007051096168e-02
2.344759066070541478e-02
2.203775076588595713e-02
2.284165698799845226e-02
2.355623100303951348e-02
2.833541446546921500e-02
2.264370040642539259e-02
2.150812956087568700e-02
2.617000955109837629e-02
2.141057934508816193e-02
2.221989309296719395e-02
2.394461005865948511e-02
2.203121912665481283e-02
2.299070792221477241e-02
2.266615443718785969e-02
2.084754018509498222e-02
2.149704657693424920e-02
2.261477239638940220e-02
2.346239258472530495e-02
2.394560504532912762e-02
2.184954480114997474e-02
2.252878126240571641e-02
2.319890368050117613e-02
2.155383560301753557e-02
2.128356254092992825e-02
2.472448490656444647e-02
2.377730523873960999e-02
2.364381733244351122e-02
2.178002178002177991e-02
2.396031243402997613e-02
2.124674283423531873e-02
2.252123294207462531e-02
2.391556932610379438e-02
2.189636381650648944e-02
2.260651144816925792e-02
2.153472854109796802e-02
2.136053112671990745e-02
2.483507954986418145e-02
2.111175673058299576e-02
2.156246613934337253e-02
2.330059695744271173e-02
2.329416615130900856e-02
2.253302253302253214e-02
2.074278941129988063e-02
2.127019163238687630e-02
2.177571018509353792e-02
2.522590361445783275e-02
2.495935736827005827e-02
2.143845089903181206e-02
2.379272104042746278e-02
2.226914954885774595e-02
2.018078620979608939e-02
2.209404633884055197e-02
2.141057934508816193e-02
2.118440057775638000e-02
2.268827454718779640e-02
2.235528942115768553e-02
2.159124519372966622e-02
2.203692674210839739e-02
2.590405139363796336e-02
2.377443756754101661e-02
2.256361017762842022e-02
2.500242271537939792e-02
2.394160583941605872e-02
2.220739611132291347e-02
2.221209704977787983e-02
2.489919354838709617e-02
2.103528499418379216e-02
1.792389533211923708e-02
2.405297497322037362e-02
2.088747713928193125e-02
2.287419194430631575e-02
2.618195517046524937e-02
2.301641254734388548e-02
2.211045739229455451e-02
2.331829958737165198e-02
2.205600306866129651e-02
2.267052831319284895e-02
2.508156606851549841e-02
2.282878411910670147e-02
2.589230451825871512e-02
2.269532034545089505e-02
2.177587749825991847e-02
2.480016396802623563e-02
2.270690170301762831e-02
2.407658093212144620e-02
2.047477744807121511e-02
2.186453293636025225e-02
2.272282076395690589e-02
2.375366568914956053e-02
2.452758159954189845e-02
2.161792037562359353e-02
2.394053480065643294e-02
2.431640624999999861e-02
2.306201550387597041e-02
2.148528724894908926e-02
2.303523035230352345e-02
2.495951224159283569e-02
2.048470859780726974e-02
2.213748543586484610e-02
2.273398287570120926e-02
2.092567776517884753e-02
2.224352828379674157e-02
2.150217994451050427e-02
2.285496619369583801e-02
2.187938288920055971e-02
2.050473186119873906e-02
2.238734876631418361e-02
2.314192433262915460e-02
1.913374583531651449e-02
2.466431768403009109e-02
2.435775451950523279e-02
2.388781431334622771e-02
2.350900857500722724e-02
2.380457380457380590e-02
2.230590961761297689e-02
2.301417751019615293e-02
2.593098069799181296e-02
2.169945244372338197e-02
2.344526127558116402e-02
2.382114614858928114e-02
2.249798224374495448e-02
2.205528267360108013e-02
2.265403769163167741e-02
2.100597417614183740e-02
1.966673125363301716e-02
2.029268292682926897e-02
2.227984250456160539e-02
2.156228560227384239e-02
2.311528870132361496e-02
2.274479568234387059e-02
2.377041260025123184e-02
2.383698577470203667e-02
2.152380952380952492e-02
2.155967757599300608e-02
2.458005124798329569e-02
2.236546537747826843e-02
2.183532127741439136e-02
2.073349633251833635e-02
2.641325536062378090e-02
2.106984798922455215e-02
2.398311588641596423e-02
2.259942761275041817e-02
2.318422318422318565e-02
2.126007183768566233e-02
2.244437910418504295e-02
2.106727616019079749e-02
2.437619961612284142e-02
2.207779795469750478e-02
2.079722703639514877e-02
2.238662567255957081e-02
2.466212883496103278e-02
2.386934673366834098e-02
2.403242930219090870e-02
2.212568195595069828e-02
2.246103204569658077e-02
2.197057684862563018e-02
2.340487520637078711e-02
2.229978669769245789e-02
2.220707119898704743e-02
2.267279264882141390e-02
2.252074278941130006e-02
2.302433138950331706e-02
2.378905130409859556e-02
2.241054613935969733e-02
2.254584681769147836e-02
2.618104530963192081e-02
2.292855737059634053e-02
2.004603874928064314e-02
2.424184808441866984e-02
2.168949771689497596e-02
2.359158252335566766e-02
2.272087127969204742e-02
2.251318764129615554e-02
2.512020410165832426e-02
2.212844792095512714e-02
2.343224815134927613e-02
2.144381913448476645e-02
2.041071875782619546e-02
2.229451727107453762e-02
2.291136311039111348e-02
2.282840007738440660e-02
2.454481440498943595e-02
2.322679719742777593e-02
2.438544739429695032e-02
2.240950009576709451e-02
2.149912841371295902e-02
2.282076395690499360e-02
2.323063293631262918e-02
2.417690417690417787e-02
1.897310513447432803e-02
2.351205115592720080e-02
2.577269644414300828e-02
2.324235702574983103e-02
2.143342061875666907e-02
2.222222222222222307e-02
2.324665090622537317e-02
2.075036679941312176e-02
2.453917050691244162e-02
2.012628255722178489e-02
2.412237693665424468e-02
2.316794272645918140e-02
2.358490566037736019e-02
2.458589436399625031e-02
2.359271523178807853e-02
2.369806904622586211e-02
2.107998844932139695e-02
2.623532892790216009e-02
2.288329519450800834e-02
2.275178974208100571e-02
2.374975864066422235e-02
2.283418267346138883e-02
2.282878411910670147e-02
2.455529775715390578e-02
2.506723011909335261e-02
2.425633859053703476e-02
2.226469182990922085e-02
2.165474974463738392e-02
2.339805825242718615e-02
2.327865632059718942e-02
2.105915144007432585e-02
2.253134796238244475e-02
2.283833649147302275e-02
2.334212325422404394e-02
2.271619381885541661e-02
2.195048611807156463e-02
2.280614774417451598e-02
2.378542510121457385e-02
2.403754070101513096e-02
2.098379855553386686e-02
2.375893374541240138e-02
1.981230448383733064e-02
2.085422097453378670e-02
2.391886720244929335e-02
2.516281823564239101e-02
2.243176178660049799e-02
2.268726774887541708e-02
2.067074456865640106e-02
2.181959867523865226e-02
2.314814814814814686e-02
2.255174544331170830e-02
2.306607574536663832e-02
2.344536123968605362e-02
2.109048498396345547e-02
2.179371296575273800e-02
2.099349497338852746e-02
2.268504937909455316e-02
2.223739393348288240e-02
2.272081794944617872e-02
2.179675994108983689e-02
2.286555446516192261e-02
2.340033012913875221e-02
2.603915517407657393e-02
2.093988227347293174e-02
2.250614250614250619e-02
2.313844981908207837e-02
2.492912308143513389e-02
2.325094260578131414e-02
2.482095555773570009e-02
2.350973834349793373e-02
2.189924383776882880e-02
2.356175142352248328e-02
2.156307932481217604e-02
2.316868776496105661e-02
2.323073907077043837e-02
2.136544624647955873e-02
2.306504535803899011e-02
2.420574886535552250e-02
2.278860569715142337e-02
2.444841979725700595e-02
2.338454586534116642e-02
2.439502302341530274e-02
1.794687724335965531e-02
2.450350755854164772e-02
2.247410592143834346e-02
2.278259176321682442e-02
2.083947704708542098e-02
2.334553368285685951e-02
2.051282051282051280e-02
2.329678935003915569e-02
2.111324376199616090e-02
2.411431973801726747e-02
2.113709756336236423e-02
2.130807931340633274e-02
2.146634864668671427e-02
2.420929324482623893e-02
2.121476315024702075e-02
1.877797236816501278e-02
2.371072910491997532e-02
2.400077421852317774e-02
2.284288319416450871e-02
2.281103695587210003e-02
2.171384257464133508e-02
2.374273692646764258e-02
2.446212791040377338e-02
2.035065748278021280e-02
2.130557447222492309e-02
2.400155475658342225e-02
2.227409785040365686e-02
2.404771065794536478e-02
2.197909543811663730e-02
2.256157635467980274e-02
2.476094614997483706e-02
2.191753402722177585e-02
2.408070289619264684e-02
2.354803601464331569e-02
2.285935683843471483e-02
2.077798861480075962e-02
2.021134708115317549e-02
2.246093750000000000e-02
2.219603221371047042e-02
2.110894941634241379e-02
2.392530636063022742e-02
2.318332359244106716e-02
2.202686685104701669e-02
2.249287889205382404e-02
2.199085336187603379e-02
1.942494470622175076e-02
2.161197581044909180e-02
2.306782334384857927e-02
2.416488983653162712e-02
2.233877233877233984e-02
2.329222939909962944e-02
2.266510355607659344e-02
2.519623994573117615e-02
2.567368936795688325e-02
2.126220160432975778e-02
2.235225277940315960e-02
2.273957769355711839e-02
2.127864432890429550e-02
2.303415409054805282e-02
2.124792703150912149e-02
2.127444027960692999e-02
2.113789016199130871e-02
2.353294612457440538e-02
2.226127709431751506e-02
2.372747858619671246e-02
2.410226385636221602e-02
2.334896443923407602e-02
2.267639902676399019e-02
2.334004024144869377e-02
2.504780114722753373e-02
2.183777651730005667e-02
2.251023192360163822e-02
2.467673477445464503e-02
2.327439816202177617e-02
2.596751554040505408e-02
2.555248618784530454e-02
2.453032220383529610e-02
2.375974149401254357e-02
2.292208417605701501e-02
2.483156881616939426e-02
2.445988388693252219e-02
2.378990731204943393e-02
2.402256370355961707e-02
2.129361191642507173e-02
2.258469259723965006e-02
2.007175409677106406e-02
2.362990903039716151e-02
2.458937662088175879e-02
2.536936236391913041e-02
2.420516761118048088e-02
2.363062180115430705e-02
2.301989855637924173e-02
2.263759086188992659e-02
2.294510601219866552e-02
1.969279243796770440e-02
2.277837520774269112e-02
2.288911495422176964e-02
2.604577742699289503e-02
2.140672782874617625e-02
2.603607996099463820e-02
2.536547584470907196e-02
2.266545784224841334e-02
2.135196300305028036e-02
2.446755819712729055e-02
2.360827747012532798e-02
2.492552135054617798e-02
2.356968215158924268e-02
2.353556485355648431e-02
2.213676990230721217e-02
2.098875957425644020e-02
2.258666404792300866e-02
2.337636932707355328e-02
2.263333989372170660e-02
2.485148514851485274e-02
2.258064516129032126e-02
2.364341085271317797e-02
2.380952380952380820e-02
2.646021168169345253e-02
2.430796706022422815e-02
2.347465344531012715e-02
2.498760535448686301e-02
2.327637006482027177e-02
2.131492044431101615e-02
2.235047219307450053e-02
2.340556009811937954e-02
2.644182797844741445e-02
2.424810073889062390e-02
2.326269098077870731e-02
2.371464671007872393e-02
2.146672144617912947e-02
2.285997031172686683e-02
2.306143001007049387e-02
2.510460251046025063e-02
2.480326725769499072e-02
2.236109754906747543e-02
2.313862607980254893e-02
2.246033381413558780e-02
2.384974659644241435e-02
2.297556031084581687e-02
2.508494903058165054e-02
2.430960715674834738e-02
2.330097087378640852e-02
2.742901294185821903e-02
2.290319160216307964e-02
2.605446858715957173e-02
2.233928397229538454e-02
2.507242033762860714e-02
2.245745943806885803e-02
2.316527155927584208e-02
2.321758783644955679e-02
2.374826835543241560e-02
2.306635257165292469e-02
2.132513390200357212e-02
2.399462520395431384e-02
2.402284139017426406e-02
2.461152398417141077e-02
2.158813591139478044e-02
2.219648716464003163e-02
2.455183164458300815e-02
2.351384364820846909e-02
2.099737532808398921e-02
2.182770663562281707e-02
2.385141739980449829e-02
2.313983642529423429e-02
2.408458977873506948e-02
2.536595147383196441e-02
2.452316076294278058e-02
2.206169465052713885e-02
2.086023641601271461e-02
2.678394939711405479e-02
2.486216581712264589e-02
1.917917122130577412e-02
2.003270645952575507e-02
2.363600551506795516e-02
2.311507936507936622e-02
2.363742918538777257e-02
2.682371572800158407e-02
2.312075388998465972e-02
2.558863592138548373e-02
2.252207560273836520e-02
2.451974128776909095e-02
2.137767220902612661e-02
2.297970126388356946e-02
2.471264367816091920e-02
2.418790604697651156e-02
2.381661208693063372e-02
2.233250620347394452e-02
2.538814568889756831e-02
2.389962158932483482e-02
2.611976395472574361e-02
2.294875825212197573e-02
2.207180694526192019e-02
2.481953920696133853e-02
2.275255334209727934e-02
2.404371584699453723e-02
2.310863937098475360e-02
2.551221434200157470e-02
2.347929463047354962e-02
2.045050385299347975e-02
2.559433485078401599e-02
2.208454082142500413e-02
2.033701336432306925e-02
2.324902723735408627e-02
2.431974484202132844e-02
2.353515625000000139e-02
2.908142799839550860e-02
2.331738112208532610e-02
2.332015810276679910e-02
2.369477911646586388e-02
2.608522500995619220e-02
2.440944881889763746e-02
2.188183807439824866e-02
2.483982257269590904e-02
2.292682926829268247e-02
2.270733846603644954e-02
2.019624654663237234e-02
2.253361105851164545e-02
2.433090024330900394e-02
2.302272501736627938e-02
2.197270351369664046e-02
2.396931927133269524e-02
2.407673860911270849e-02
2.331881954523463973e-02
2.246320681642137787e-02
2.433113609926328136e-02
2.397729496966138213e-02
2.588116817724068347e-02
2.101954621353501612e-02
2.387813915191436959e-02
2.312420723973070483e-02
2.445916975248489666e-02
2.367442770495010659e-02
2.200908632004038371e-02
2.468777229160615608e-02
2.196853415195702125e-02
2.287517254979293951e-02
2.427279874213836633e-02
2.344338100871061481e-02
2.500000000000000139e-02
2.462568951930654143e-02
2.452738730004847337e-02
2.489991211795723053e-02
2.286942924159499763e-02
2.255198672263985030e-02
2.544578313253012189e-02
2.473396606269772854e-02
2.530837941301573857e-02
2.596257470363476025e-02
2.422883979079944530e-02
2.684563758389261687e-02
2.421165674118910469e-02
2.502424830261881783e-02
2.344909468685069803e-02
2.467285985416042479e-02
2.364135766136943317e-02
2.533832421537575430e-02
2.825359322701318995e-02
2.669463247211364271e-02
2.185898055904826262e-02
2.517985611510791324e-02
2.281408072674718721e-02
2.503697443481935417e-02
2.293975903614457745e-02
2.199483599502725581e-02
2.330570453437347603e-02
2.201409674616201448e-02
2.354584455751770888e-02
2.218934911242603433e-02
2.381413359148112224e-02
2.264875239923224565e-02
2.168082253017434083e-02
2.524642928988131071e-02
2.523240371845949376e-02
2.611796453353893571e-02
2.497821667150740624e-02
2.255868306066456663e-02
2.084972462627852213e-02
2.357809642960254082e-02
2.119013062409288994e-02
2.292956656346749333e-02
2.529986896482209341e-02
2.450980392156862711e-02
2.193767065248093326e-02
2.321411720298197437e-02
2.405597086448150318e-02
2.245212414703940187e-02
2.214784919775568406e-02
2.367508667657255983e-02
2.086770843443657222e-02
2.567930725589728444e-02
2.321164802700991653e-02
2.298963020935237619e-02
2.119963830001004787e-02
2.428557495367209690e-02
2.568085326706016219e-02
2.350243622814560118e-02
2.112122233456914869e-02
2.184561128526645718e-02
2.359617682198327307e-02
2.363690535306385912e-02
2.372549019607842966e-02
2.054929855759731264e-02
2.425982770571343677e-02
2.297460701330108698e-02
2.423698384201077027e-02
2.413108242303872719e-02
2.306702306702306665e-02
2.300206428782070045e-02
2.222222222222222307e-02
2.507681633462186671e-02
2.575951233900304616e-02
2.168102168102168173e-02
2.304737516005121722e-02
2.423279372330916503e-02
2.364113962416649825e-02
2.375663930468372917e-02
2.398595943837753680e-02
2.336010011471477757e-02
2.267429540156813000e-02
2.089699359290290645e-02
2.497050727487219735e-02
2.295746117488183663e-02
2.155936207914943906e-02
2.207438766253401810e-02
2.476687055048631264e-02
2.501477250344691719e-02
2.378429294713293313e-02
2.284658759478903206e-02
2.189638318670576733e-02
2.586549940310385945e-02
2.227215004395819223e-02
2.177502579979360281e-02
2.456479690522243853e-02
2.242332830568124699e-02
2.486081781531963852e-02
2.346605116368532390e-02
2.305503777101932869e-02
2.244917622121591835e-02
2.513139034878165284e-02
2.174977956304496862e-02
2.593350882324266249e-02
2.036378015025702010e-02
2.593601776163084044e-02
1.986691098466582955e-02
2.296430963544158349e-02
2.605033787092351366e-02
2.405162299569808468e-02
2.115942028985507220e-02
2.388943731490621863e-02
2.300063304494619210e-02
2.396449704142011861e-02
2.397025731337442539e-02
2.180204514759791559e-02
2.351127384852572805e-02
2.428753305259034531e-02
2.217991432651118464e-02
2.355269668480949874e-02
2.256399878579378598e-02
2.406689781766265662e-02
2.287453367366974397e-02
2.396181384248209992e-02
2.172226532195500534e-02
2.134294903030893586e-02
2.473958333333333218e-02
2.403940886699507465e-02
2.359472588480222149e-02
2.331288343558282281e-02
2.336448598130841034e-02
2.267080745341614953e-02
2.542812662169174898e-02
2.329661760405497481e-02
2.178670911261440524e-02
2.398903358464701818e-02
2.557544757033248031e-02
2.289782566865499261e-02
2.396410158487683947e-02
2.313522138013562185e-02
2.220475535468657835e-02
2.425391755664237786e-02
2.150113423414537830e-02
2.021577458887608564e-02
2.367542761785565442e-02
2.350776778413736848e-02
2.449100029507229187e-02
2.346412228604809538e-02
2.309286489687160590e-02
2.361666829315897317e-02
2.107371030800038111e-02
2.370666947634601091e-02
2.431728264016211685e-02
2.307231322413104413e-02
2.676626206037970718e-02
1.946107784431137799e-02
2.283331678745160326e-02
2.308294209702660416e-02
2.146550883012976821e-02
2.073109664496745191e-02
2.284053156146179445e-02
2.189337117372795391e-02
2.165957867668875589e-02
2.158644908076843769e-02
2.303654743390357723e-02
2.390984811366976895e-02
2.184010277695424412e-02
2.361893467733965774e-02
2.458366375892149028e-02
2.224870878029400201e-02
2.375273305505863630e-02
2.082725060827250729e-02
2.183491628316851230e-02
2.226813590449953917e-02
2.199488491048593244e-02
2.527725047457288557e-02
2.497760971240919545e-02
2.347740667976424417e-02
2.395619438740588525e-02
2.153846153846153758e-02
2.127659574468085055e-02
2.701345651737296558e-02
2.476640774513114845e-02
2.854923286074965982e-02
2.176043912958243454e-02
2.211302211302211204e-02
2.309824453341546152e-02
2.427768860353129998e-02
2.567319756780233470e-02
2.222872184849371269e-02
2.287517254979293951e-02
2.279032897344431333e-02
2.083947704708542098e-02
2.479504099180163817e-02
2.298618812380280249e-02
2.292943269420834318e-02
2.255712202236266270e-02
2.140883977900552571e-02
2.286449569434821291e-02
2.184197282335178722e-02
2.139729299363057197e-02
2.122148052206834778e-02
2.215839146491587960e-02
2.104743083003952561e-02
2.695814135869032541e-02
2.274922201952999171e-02
2.307387601505248714e-02
2.092543471853816617e-02
2.158979391560353345e-02
2.113237639553429068e-02
2.155903782812656003e-02
2.149204381070468975e-02
2.134406634955482440e-02
2.634706814580031753e-02
2.211613406079501049e-02
2.343596783683075252e-02
2.279038590443359033e-02
2.018724400234055139e-02
2.108113335267382260e-02
2.268178785857238172e-02
2.591261585019859898e-02
2.304947439483074484e-02
2.705565183901405615e-02
2.069036156918979685e-02
2.221125370187561690e-02
2.362204724409448786e-02
2.136006974716652199e-02
2.089027723545490087e-02
2.296836982968369911e-02
2.509173856987007706e-02
2.380258428057903386e-02
2.310966957226839522e-02
2.413793103448275829e-02
2.227770309199154919e-02
2.315955454814230818e-02
2.222010299446881484e-02
2.165995783017059598e-02
2.411333266351853646e-02
2.682272616435016008e-02
2.379709842396409564e-02
2.233745512564818542e-02
2.360027648859484503e-02
2.591355400344164464e-02
2.519841269841269910e-02
2.305246422893481723e-02
2.130091438071488041e-02
2.203339590949510846e-02
2.362751911049339876e-02
2.266261159619346530e-02
2.236325173768510116e-02
2.353406506476812127e-02
2.412025168958284796e-02
2.319487577639751594e-02
2.166581502299437870e-02
2.351657074816431922e-02
2.059562947205569386e-02
2.178238559011414638e-02
2.280305474884371242e-02
2.443933294997124861e-02
2.294546850998463797e-02
2.363083164300202807e-02
2.246630054917623728e-02
2.259439104152214869e-02
2.123533404440996683e-02
2.167091586585604898e-02
2.414962491008118550e-02
2.584493041749503020e-02
2.520576131687242774e-02
2.213502364422980165e-02
2.503177862520778243e-02
2.390516312334672183e-02
2.076593968485860447e-02
2.314633189486072981e-02
2.653838020723197147e-02
2.493765586034912829e-02
2.494843335625184302e-02
2.485291134104280694e-02
2.279752704791344550e-02
2.224325603407477370e-02
2.113821138211382025e-02
2.518939393939393853e-02
2.421284333429036401e-02
2.298734177215189939e-02
2.444841979725700595e-02
2.287517254979293951e-02
2.243235087013378815e-02
2.197378565921356830e-02
2.440906898215147031e-02
2.278978388998035426e-02
2.143205065757428085e-02
2.320016645859342488e-02
2.200987760360747364e-02
2.479821063891860314e-02
2.310693207962388751e-02
2.219579865239794045e-02
2.391460535769270382e-02
2.330797737468304903e-02
2.220228750840995760e-02
2.162108796524829860e-02
2.255061894251991078e-02
2.137998056365403299e-02
2.123590982286634524e-02
2.097767513471901490e-02
2.274724201893976380e-02
2.361972246826099867e-02
2.636136232441793278e-02
2.217117746928992314e-02
2.213716768387297140e-02
0.000000000000000000e+00
0.000000000000000000e+00
0.000000000000000000e+00
0.000000000000000000e+00
0.000000000000000000e+00
0.000000000000000000e+00
0.000000000000000000e+00
0.000000000000000000e+00
0.000000000000000000e+00
0.000000000000000000e+00
0.000000000000000000e+00
0.000000000000000000e+00
0.000000000000000000e+00
0.000000000000000000e+00
0.000000000000000000e+00
0.000000000000000000e+00
0.000000000000000000e+00
0.000000000000000000e+00
0.000000000000000000e+00
0.000000000000000000e+00
0.000000000000000000e+00
0.000000000000000000e+00
0.000000000000000000e+00
0.000000000000000000e+00
0.000000000000000000e+00
0.000000000000000000e+00
0.000000000000000000e+00
0.000000000000000000e+00
0.000000000000000000e+00
0.000000000000000000e+00
0.000000000000000000e+00
0.000000000000000000e+00
0.000000000000000000e+00
0.000000000000000000e+00
0.000000000000000000e+00
0.000000000000000000e+00
0.000000000000000000e+00
0.000000000000000000e+00
0.000000000000000000e+00
0.000000000000000000e+00
0.000000000000000000e+00
0.000000000000000000e+00
0.000000000000000000e+00
0.000000000000000000e+00
0.000000000000000000e+00
0.000000000000000000e+00
0.000000000000000000e+00
0.000000000000000000e+00
0.000000000000000000e+00
0.000000000000000000e+00
0.000000000000000000e+00
0.000000000000000000e+00
0.000000000000000000e+00
0.000000000000000000e+00
0.000000000000000000e+00
0.000000000000000000e+00
0.000000000000000000e+00
0.000000000000000000e+00
0.000000000000000000e+00
0.000000000000000000e+00
0.000000000000000000e+00
0.000000000000000000e+00
0.000000000000000000e+00
0.000000000000000000e+00
0.000000000000000000e+00
0.000000000000000000e+00
0.000000000000000000e+00
0.000000000000000000e+00
0.000000000000000000e+00
0.000000000000000000e+00
0.000000000000000000e+00
0.000000000000000000e+00
0.000000000000000000e+00
0.000000000000000000e+00
0.000000000000000000e+00
0.000000000000000000e+00
0.000000000000000000e+00
0.000000000000000000e+00
0.000000000000000000e+00
0.000000000000000000e+00
0.000000000000000000e+00
