8.343265792610250753e-03
1.760563380281690224e-02
1.140250855188141427e-02
7.177033492822966661e-03
8.433734939759036237e-03
8.323424494649227234e-03
7.425742574257425399e-03
1.089588377723970866e-02
1.083032490974729194e-02
9.592326139088728360e-03
7.623888182973316725e-03
1.107011070110701031e-02
8.620689655172413673e-03
8.177570093457943098e-03
2.656042496679946689e-03
1.115241635687732290e-02
1.254705144291091631e-02
8.274231678486997435e-03
7.334963325183374051e-03
7.575757575757575968e-03
3.703703703703703845e-03
9.163802978235968330e-03
9.302325581395348708e-03
1.433691756272401432e-02
6.165228113440197368e-03
1.417525773195876283e-02
1.145475372279495911e-02
1.086956521739130405e-02
1.192052980132450417e-02
6.195786864931846633e-03
8.443908323281061612e-03
1.164294954721862944e-02
1.385390428211586908e-02
8.610086100861008215e-03
1.093560145808019496e-02
8.323424494649227234e-03
1.062573789846517174e-02
8.706467661691542556e-03
1.076716016150740252e-02
1.616915422885572065e-02
1.086956521739130405e-02
1.317365269461077786e-02
7.109004739336492566e-03
1.303317535545023623e-02
8.393285371702637748e-03
7.092198581560283516e-03
8.313539192399049815e-03
8.141112618724558395e-03
1.085645355850422232e-02
8.782936010037640726e-03
1.115241635687732290e-02
1.322751322751322678e-02
4.884004884004884001e-03
1.538461538461538547e-02
9.650180940892641099e-03
1.251738525730180726e-02
1.660280970625798228e-02
1.517067003792667464e-02
1.328502415458937200e-02
1.054018445322793193e-02
1.124999999999999958e-02
1.082543978349120514e-02
2.202072538860103471e-02
9.102730819245773500e-03
7.052186177715091993e-03
9.055627425614488218e-03
5.340453938584779556e-03
1.726263871763255089e-02
6.069802731411229335e-03
1.113861386138613810e-02
9.389671361502347630e-03
1.293661060802069919e-02
1.375000000000000007e-02
7.722007722007722189e-03
5.221932114882506595e-03
6.779661016949152345e-03
7.343941248470012458e-03
1.312335958005249326e-02
7.168458781362007162e-03
6.451612903225806446e-03
9.685230024213075523e-03
1.543942992874109202e-02
1.604278074866310327e-02
1.404853128991060025e-02
1.140684410646387870e-02
1.257861635220125854e-02
1.012658227848101285e-02
9.271523178807947879e-03
1.203208556149732572e-02
1.197604790419161749e-02
1.084010840108401083e-02
7.462686567164178962e-03
1.343101343101343187e-02
4.914004914004913883e-03
7.874015748031495954e-03
1.143583227445997379e-02
9.090909090909090468e-03
1.437125748502993995e-02
1.364256480218281088e-02
1.575757575757575843e-02
1.419354838709677505e-02
1.132075471698113130e-02
1.608579088471849897e-02
1.007556675062972265e-02
6.265664160401002158e-03
1.082543978349120514e-02
1.528662420382165613e-02
5.121638924455825664e-03
7.462686567164178962e-03
6.281407035175879706e-03
9.345794392523363789e-03
7.802340702210663372e-03
9.433962264150943036e-03
1.146496815286624123e-02
7.957559681697612755e-03
1.133501259445843755e-02
1.206272617611580181e-02
1.043024771838331130e-02
7.884362680683310726e-03
1.527614571092831934e-02
1.349693251533742346e-02
1.494396014943960224e-02
8.567931456548346855e-03
1.488833746898263026e-02
1.150895140664961666e-02
1.122019635343618482e-02
1.616915422885572065e-02
9.358288770053475175e-03
1.100412654745529586e-02
4.950495049504950555e-03
8.174386920980925703e-03
1.915708812260536256e-02
1.188903566710700077e-02
7.594936708860759202e-03
1.065246338215712456e-02
9.162303664921465224e-03
1.120797011207970081e-02
1.517067003792667464e-02
6.250000000000000347e-03
1.373283395755305926e-02
1.257861635220125854e-02
5.270092226613965966e-03
7.653061224489795741e-03
9.271523178807947879e-03
8.816120906801007753e-03
1.494396014943960224e-02
3.865979381443299112e-03
9.345794392523363789e-03
2.154626108998732720e-02
1.317523056653491405e-02
1.221166892808683846e-02
4.316546762589927935e-03
1.549295774647887342e-02
1.558441558441558440e-02
1.619433198380566818e-02
6.561679790026246628e-03
4.914004914004913883e-03
9.925558312655086840e-03
9.234828496042216464e-03
9.696969696969696961e-03
1.052631578947368397e-02
1.156812339331619519e-02
1.231190150478796153e-02
7.575757575757575968e-03
1.032258064516129031e-02
1.171875000000000000e-02
1.272984441301273049e-02
9.383378016085790196e-03
6.518904823989569997e-03
1.226158038147139029e-02
6.684491978609625497e-03
1.231527093596059171e-02
2.160101651842439782e-02
1.001251564455569489e-02
1.171875000000000000e-02
8.620689655172413673e-03
1.015228426395939007e-02
2.448453608247422655e-02
1.269393511988716437e-02
1.724137931034482735e-02
1.513240857503152584e-02
1.250000000000000069e-02
5.069708491761723383e-03
1.520912547528517102e-02
1.397712833545108023e-02
1.400233372228704837e-02
1.176470588235294101e-02
7.782101167315175205e-03
8.454106280193236095e-03
1.426718547341115396e-02
1.179245283018868010e-02
5.121638924455825664e-03
1.291079812206572842e-02
1.449275362318840597e-02
1.895734597156398249e-02
1.273148148148148077e-02
1.113172541743970290e-02
1.780821917808219149e-02
1.267605633802816947e-02
1.076923076923076879e-02
1.678657074340527550e-02
1.752190237797246475e-02
9.114583333333333912e-03
1.269035532994923846e-02
1.589242053789731088e-02
1.314060446780551845e-02
9.549795361527967097e-03
1.464713715046604518e-02
1.546391752577319645e-02
1.513240857503152584e-02
1.336898395721925099e-02
1.187335092348284875e-02
1.436031331592689357e-02
6.426735218508997614e-03
1.056338028169014065e-02
1.239157372986369327e-02
5.319148936170212637e-03
1.550387596899224785e-02
1.395939086294416265e-02
1.849568434032059297e-02
1.395939086294416265e-02
2.295918367346938896e-02
1.193633952254641827e-02
1.063829787234042527e-02
1.478494623655914053e-02
3.826530612244897871e-03
1.369863013698630061e-02
1.158301158301158242e-02
1.007194244604316460e-02
7.623888182973316725e-03
1.596516690856313384e-02
1.054216867469879443e-02
1.146496815286624123e-02
6.501950585175552376e-03
1.530612244897959148e-02
9.186351706036745279e-03
9.345794392523363789e-03
1.336898395721925099e-02
1.290322580645161289e-02
1.225490196078431356e-03
9.732360097323601231e-03
1.758793969849246214e-02
1.173402868318122565e-02
1.722017220172201643e-02
1.207729468599033802e-02
5.610098176718092411e-03
7.731958762886598224e-03
5.089058524173028369e-03
9.536784741144414476e-03
9.744214372716199224e-03
2.080443828016643668e-02
8.310249307479224828e-03
1.020408163265306041e-02
1.253132832080200432e-02
1.879194630872483077e-02
1.768707482993197438e-02
9.831460674157303098e-03
7.623888182973316725e-03
9.864364981504315788e-03
1.054018445322793193e-02
9.259259259259258745e-03
1.344086021505376365e-02
1.270648030495552701e-02
1.749663526244952735e-02
1.282051282051282007e-02
1.283697047496790838e-02
1.426718547341115396e-02
1.820546163849154700e-02
5.517241379310344404e-03
5.284015852047556187e-03
1.112484548825710788e-02
1.222493887530562429e-02
1.688311688311688180e-02
1.524777636594663345e-02
1.373626373626373603e-02
1.319261213720316663e-02
8.391608391608391601e-03
1.282051282051282007e-02
1.011378002528445091e-02
1.282051282051282007e-02
1.214574898785425114e-02
8.962868117797695780e-03
1.206434316353887336e-02
1.464713715046604518e-02
1.385390428211586908e-02
1.307189542483660170e-02
7.722007722007722189e-03
1.109570041608876588e-02
1.399491094147582715e-02
1.136363636363636395e-02
6.443298969072164609e-03
1.851851851851851749e-02
1.056803170409511237e-02
9.962640099626400916e-03
1.196808510638297865e-02
8.939974457215836209e-03
1.612903225806451568e-02
8.343265792610250753e-03
1.021711366538952809e-02
1.217861975642760448e-02
1.348039215686274578e-02
1.049868766404199460e-02
1.820546163849154700e-02
1.536491677336747699e-02
1.390820584144645405e-02
7.575757575757575968e-03
8.717310087173101019e-03
9.358288770053475175e-03
1.267427122940430889e-02
9.546539379474940773e-03
1.088435374149659789e-02
1.283697047496790838e-02
1.960784313725490169e-02
1.474530831099195652e-02
1.298701298701298787e-02
8.219178082191780019e-03
1.950585175552665973e-02
2.507374631268436543e-02
1.072386058981233264e-02
7.518796992481202590e-03
7.407407407407407690e-03
1.130653266331658330e-02
1.863354037267080793e-02
5.340453938584779556e-03
1.641586867305061537e-02
9.677419354838710103e-03
1.593625498007968100e-02
6.640106241699867372e-03
1.062416998671978675e-02
1.456953642384106046e-02
9.803921568627450844e-03
1.285347043701799523e-02
7.926023778071333847e-03
1.396648044692737345e-02
6.451612903225806446e-03
1.399491094147582715e-02
1.261034047919293820e-02
1.380175658720200760e-02
1.315789473684210453e-02
1.893939393939393992e-02
1.458885941644562367e-02
8.403361344537814762e-03
7.509386733416770730e-03
1.314060446780551845e-02
1.430429128738621575e-02
1.021711366538952809e-02
1.356350184956843334e-02
2.239789196310935579e-02
1.483312731767614384e-02
1.307189542483660170e-02
1.079622132253711154e-02
1.846965699208443293e-02
1.106500691562932286e-02
1.511335012594458398e-02
3.821656050955414032e-03
7.633587786259541687e-03
7.566204287515762919e-03
8.670520231213871970e-03
8.905852417302798779e-03
1.206434316353887336e-02
9.768009768009768001e-03
1.259445843828715418e-02
1.492537313432835792e-02
1.278772378516624016e-02
9.153318077803203681e-03
1.585204755614266769e-02
8.928571428571428076e-03
1.081081081081081141e-02
1.250000000000000069e-02
1.104972375690607689e-02
1.560468140442132674e-02
9.198423127463863092e-03
1.321003963011889090e-02
1.879699248120300648e-02
8.433734939759036237e-03
1.010101010101010187e-02
1.310615989515072008e-02
8.676789587852494837e-03
1.694915254237288130e-02
1.336898395721925099e-02
2.013422818791946178e-02
7.863695937090431701e-03
1.224489795918367284e-02
1.935483870967742021e-02
1.262626262626262603e-02
1.203208556149732572e-02
9.090909090909090468e-03
1.105651105651105602e-02
1.470588235294117627e-02
8.450704225352111826e-03
1.997336884154460659e-02
9.987515605493133691e-03
1.024327784891165133e-02
1.451187335092348277e-02
1.103448275862068881e-02
1.660735468564649917e-02
1.361386138613861381e-02
1.436031331592689357e-02
1.137800252844500641e-02
1.783590963139120023e-02
1.208459214501510573e-02
1.356350184956843334e-02
9.852216748768473017e-03
1.106500691562932286e-02
1.250000000000000069e-02
2.156334231805930035e-02
1.526717557251908337e-02
1.223241590214067288e-02
1.681759379042690669e-02
6.587615283267457024e-03
9.067357512953367130e-03
1.132075471698113130e-02
1.073825503355704640e-02
1.392405063291139201e-02
1.645569620253164653e-02
1.413881748071979354e-02
1.507537688442210991e-02
1.341281669150521695e-02
1.161290322580645247e-02
9.459459459459459985e-03
1.801801801801801786e-02
4.956629491945477133e-03
1.972872996300863158e-02
1.194743130227001252e-02
9.067357512953367130e-03
1.424870466321243555e-02
1.119402985074626801e-02
1.181102362204724393e-02
3.831417624521072599e-03
1.264222503160556191e-02
1.280409731113956416e-02
1.033591731266149914e-02
6.518904823989569997e-03
1.311953352769679344e-02
1.449275362318840597e-02
5.813953488372092943e-03
5.524861878453038444e-03
1.000000000000000021e-02
1.466992665036674810e-02
5.398110661268555772e-03
1.204819277108433798e-02
8.141112618724558395e-03
8.588957055214724648e-03
1.037613488975356636e-02
7.863695937090431701e-03
1.007556675062972265e-02
1.076716016150740252e-02
1.920438957475994676e-02
5.018820577164366005e-03
9.222661396574440007e-03
8.119079837618402989e-03
1.739130434782608717e-02
6.535947712418300852e-03
1.137800252844500641e-02
7.682458386683738497e-03
9.828009828009827767e-03
7.822685788787484343e-03
9.067357512953367130e-03
1.067615658362989356e-02
1.295336787564766758e-02
8.599508599508599513e-03
1.253132832080200432e-02
1.550387596899224785e-02
1.321003963011889090e-02
1.351351351351351426e-02
1.783439490445859824e-02
1.036269430051813510e-02
1.228501228501228427e-02
1.805555555555555386e-02
1.190476190476190410e-02
9.222661396574440007e-03
7.792207792207792201e-03
1.371742112482853167e-02
7.894736842105263414e-03
6.337135614702154446e-03
7.731958762886598224e-03
6.587615283267457024e-03
7.309941520467835852e-03
7.142857142857142634e-03
1.394700139470013943e-02
1.381909547738693553e-02
2.710027100271002708e-03
1.155327342747111685e-02
1.012658227848101285e-02
2.035278154681139859e-02
1.414427157001414345e-02
1.051248357424441546e-02
1.194743130227001252e-02
1.291079812206572842e-02
1.084010840108401083e-02
1.300390117035110475e-02
6.896551724137930939e-03
1.130653266331658330e-02
5.188067444876783181e-03
1.522842639593908684e-02
1.142131979695431426e-02
1.375000000000000007e-02
1.203369434416365867e-02
1.707317073170731836e-02
1.113861386138613810e-02
1.344743276283618533e-02
1.010101010101010187e-02
1.278772378516624016e-02
1.019108280254777017e-02
1.364256480218281088e-02
1.257861635220125854e-02
1.142131979695431426e-02
8.119079837618402989e-03
1.503759398496240692e-03
6.459948320413436314e-03
1.303317535545023623e-02
1.600985221674876974e-02
9.828009828009827767e-03
1.925545571245186258e-02
3.931847968545215850e-03
5.924170616113743661e-03
1.058201058201058142e-02
1.219512195121951262e-02
9.722222222222222376e-03
1.257861635220125854e-02
1.406469760900140586e-02
8.620689655172413673e-03
1.036269430051813510e-02
1.941747572815533812e-02
1.165803108808290134e-02
1.530612244897959148e-02
6.640106241699867372e-03
1.218026796589524903e-02
1.282051282051282007e-02
7.772020725388600892e-03
1.023017902813299317e-02
8.021390374331551637e-03
1.434159061277705260e-02
1.343101343101343187e-02
1.097393689986282499e-02
1.122019635343618482e-02
5.095541401273885086e-03
1.472754050073637674e-02
1.190476190476190410e-02
8.860759493670886458e-03
1.132075471698113130e-02
1.419354838709677505e-02
1.479654747225647368e-02
7.263922518159806642e-03
9.102730819245773500e-03
8.728179551122193860e-03
1.230012300123001223e-02
1.077844311377245540e-02
6.435006435006434579e-03
1.040312093628088450e-02
1.765447667087011521e-02
1.581508515815085308e-02
1.103448275862068881e-02
1.153846153846153910e-02
1.302083333333333391e-02
1.134930643127364525e-02
9.828009828009827767e-03
1.612903225806451568e-02
9.259259259259258745e-03
1.017811704834605674e-02
1.073825503355704640e-02
7.741935483870967735e-03
1.679586563307493632e-02
1.171875000000000000e-02
7.682458386683738497e-03
7.389162561576354329e-03
1.615074024226110377e-02
5.006257822277847443e-03
6.605019815059445451e-03
1.517067003792667464e-02
6.657789613848202198e-03
9.615384615384615918e-03
1.059602649006622516e-02
5.390835579514825088e-03
1.136363636363636395e-02
1.408450704225352144e-02
6.329113924050632813e-03
9.138381201044386976e-03
9.478672985781991245e-03
8.962868117797695780e-03
1.882057716436637274e-02
1.038961038961038960e-02
1.133144475920679940e-02
8.595988538681948593e-03
9.536784741144414476e-03
1.024327784891165133e-02
1.413881748071979354e-02
1.532033426183843951e-02
1.020408163265306041e-02
1.052631578947368397e-02
1.209677419354838676e-02
1.345895020188425315e-02
8.196721311475410263e-03
5.398110661268555772e-03
2.064516129032258063e-02
1.045751633986928032e-02
9.296148738379814494e-03
1.517241379310344841e-02
1.005025125628140718e-02
1.353013530135301415e-02
1.104972375690607689e-02
1.200000000000000025e-02
7.915567282321900322e-03
1.133501259445843755e-02
6.297229219143577091e-03
1.234567901234567833e-02
9.845288326300985146e-03
8.939974457215836209e-03
9.732360097323601231e-03
1.359703337453646403e-02
7.092198581560283516e-03
1.610904584882279916e-02
1.436031331592689357e-02
1.470588235294117627e-02
5.148005148005147837e-03
6.793478260869565029e-03
8.974358974358973701e-03
1.806451612903225978e-02
1.792573623559539156e-02
8.663366336633664122e-03
4.830917874396135035e-03
1.629072681704260561e-02
5.361930294906166322e-03
8.827238335435057606e-03
1.548387096774193547e-02
1.891551071878940643e-02
7.672634271099744441e-03
2.147651006711409280e-02
1.159793814432989734e-02
7.731958762886598224e-03
9.864364981504315788e-03
1.072386058981233264e-02
7.682458386683738497e-03
6.934812760055478892e-03
8.599508599508599513e-03
1.390820584144645405e-02
1.241379310344827534e-02
1.363636363636363570e-02
1.656804733727810716e-02
1.460823373173970700e-02
1.408450704225352144e-02
1.424870466321243555e-02
6.218905472636816235e-03
1.556420233463035041e-02
1.420454545454545407e-02
9.859154929577465531e-03
1.278772378516624016e-02
7.947019867549668867e-03
1.212121212121212120e-02
8.717310087173101019e-03
1.606425702811244832e-02
2.069857697283311940e-02
1.227830832196452962e-02
1.861042183622828652e-02
3.886010362694300446e-03
5.412719891745602571e-03
1.221001221001221000e-02
1.625000000000000056e-02
7.490636704119850268e-03
1.731025299600532502e-02
1.187335092348284875e-02
1.193317422434367510e-02
1.288659793814432922e-02
1.550387596899224785e-02
4.962779156327543420e-03
1.023017902813299317e-02
5.000000000000000104e-03
6.273525721455458157e-03
1.305483028720626649e-03
2.185089974293059206e-02
1.120797011207970081e-02
1.149425287356321823e-02
1.439790575916230324e-02
1.270648030495552701e-02
1.259445843828715418e-02
8.962868117797695780e-03
1.808785529715762133e-02
1.317523056653491405e-02
1.554404145077720178e-02
1.118881118881118880e-02
9.445100354191262801e-03
1.364764267990074484e-02
1.280409731113956416e-02
9.102730819245773500e-03
1.432291666666666609e-02
1.464713715046604518e-02
1.015228426395939007e-02
1.595744680851063704e-02
6.234413965087282072e-03
6.858710562414265834e-03
1.273885350318471402e-02
1.292596944770857750e-02
9.756097560975609748e-03
1.020408163265306041e-02
1.522842639593908684e-02
1.119402985074626801e-02
1.124999999999999958e-02
1.052631578947368397e-02
1.224489795918367284e-02
1.188903566710700077e-02
1.406649616368286365e-02
1.690507152145643774e-02
1.168831168831168874e-02
1.851851851851851749e-02
6.527415143603132811e-03
1.628222523744911679e-02
5.128205128205128201e-03
7.453416149068322824e-03
1.631116687578419017e-02
1.348039215686274578e-02
1.811125485122897644e-02
9.020618556701030105e-03
8.177570093457943098e-03
9.316770186335403964e-03
1.610738255033557220e-02
1.354679802955665105e-02
7.643312101910828063e-03
1.187335092348284875e-02
9.009009009009008931e-03
1.091405184174624836e-02
6.119951040391677193e-03
1.226993865030674875e-02
1.439790575916230324e-02
1.538461538461538547e-02
1.206272617611580181e-02
1.399491094147582715e-02
1.010101010101010187e-02
6.410256410256410034e-03
9.234828496042216464e-03
1.218026796589524903e-02
8.894536213468869079e-03
1.108374384236453236e-02
1.536312849162011114e-02
8.522727272727272096e-03
6.693440428380187379e-03
1.005025125628140718e-02
1.086956521739130405e-02
7.731958762886598224e-03
9.626955475330926937e-03
1.765447667087011521e-02
1.692708333333333218e-02
9.708737864077669061e-03
1.129234629861982503e-02
8.827238335435057606e-03
1.119402985074626801e-02
7.947019867549668867e-03
1.739130434782608717e-02
1.086956521739130405e-02
1.223990208078335439e-02
1.436031331592689357e-02
1.503759398496240518e-02
1.550387596899224785e-02
7.894736842105263414e-03
1.002506265664160345e-02
1.704545454545454419e-02
1.149425287356321823e-02
8.684863523573201419e-03
1.308900523560209417e-02
1.792573623559539156e-02
9.383378016085790196e-03
7.843137254901960675e-03
1.761517615176151630e-02
7.702182284980744857e-03
1.156812339331619519e-02
1.198402130492676361e-02
6.313131313131313017e-03
1.383647798742138404e-02
9.186351706036745279e-03
1.134930643127364525e-02
1.326259946949602184e-02
1.419354838709677505e-02
1.600000000000000033e-02
9.333333333333334106e-03
5.563282336578581101e-03
1.509433962264150955e-02
1.212121212121212120e-02
1.366459627329192489e-02
7.884362680683310726e-03
8.241758241758241968e-03
7.361963190184049079e-03
1.428571428571428527e-02
7.499999999999999722e-03
1.150895140664961666e-02
1.149425287356321823e-02
1.383647798742138404e-02
9.313154831199068479e-03
1.430274135876042838e-02
1.383125864453665227e-02
1.236093943139678596e-02
1.253132832080200432e-02
1.246882793017456414e-02
7.361963190184049079e-03
9.485094850948509043e-03
1.066666666666666631e-02
8.021390374331551637e-03
5.228758169934640161e-03
1.333333333333333419e-02
1.062416998671978675e-02
8.951406649616367936e-03
6.720430107526881823e-03
9.345794392523363789e-03
1.985111662531017368e-02
1.600000000000000033e-02
1.145038167938931296e-02
9.320905459387483771e-03
1.059602649006622516e-02
1.226993865030674875e-02
1.221001221001221000e-02
5.952380952380952051e-03
1.107011070110701031e-02
1.308900523560209417e-02
1.259445843828715418e-02
1.315789473684210453e-02
1.367989056087551281e-02
1.222493887530562429e-02
6.640106241699867372e-03
1.395939086294416265e-02
1.262626262626262603e-02
1.732673267326732824e-02
7.299270072992700489e-03
1.349527665317139073e-02
1.311084624553039354e-02
8.827238335435057606e-03
1.116625310173697226e-02
8.939974457215836209e-03
1.366459627329192489e-02
1.486486486486486569e-02
2.043422733077905618e-02
8.663366336633664122e-03
9.628610729023384315e-03
1.458885941644562367e-02
1.445466491458607082e-02
9.150326797385621366e-03
1.680672268907562952e-02
1.122194513715710738e-02
9.271523178807947879e-03
1.834862385321101019e-02
1.118012422360248510e-02
1.650165016501650012e-02
1.388888888888888812e-02
1.556420233463035041e-02
6.369426751592357008e-03
5.161290322580645157e-03
6.963788300835654400e-03
7.547169811320754776e-03
7.308160779537149418e-03
1.305970149253731297e-02
1.735647530040053399e-02
1.960784313725490169e-02
1.726427622841965326e-02
1.287553648068669523e-02
1.237964236588720741e-02
1.362397820163487733e-02
1.925545571245186258e-02
1.140684410646387870e-02
8.588957055214724648e-03
5.657708628005657901e-03
1.403061224489795915e-02
1.647655259822560295e-02
8.086253369272237632e-03
9.615384615384615918e-03
1.155327342747111685e-02
1.439790575916230324e-02
5.340453938584779556e-03
1.024327784891165133e-02
1.089918256130790152e-02
1.593137254901960675e-02
1.122194513715710738e-02
1.456953642384106046e-02
1.345895020188425315e-02
7.389162561576354329e-03
1.062416998671978675e-02
1.245330012453300071e-02
1.037613488975356636e-02
1.170351105331599549e-02
1.371571072319201917e-02
1.635220125786163506e-02
1.068090787716955911e-02
7.782101167315175205e-03
1.331557922769640440e-02
8.053691275167786101e-03
1.236093943139678596e-02
1.120797011207970081e-02
1.234567901234567833e-02
9.803921568627450844e-03
8.557457212713935960e-03
1.140684410646387870e-02
1.498637602179836437e-02
1.466666666666666639e-02
1.222826086956521792e-02
8.393285371702637748e-03
1.576872536136662145e-02
1.017811704834605674e-02
1.193633952254641827e-02
1.772151898734177292e-02
8.313539192399049815e-03
1.239669421487603340e-02
1.761517615176151630e-02
1.098901098901098987e-02
1.589242053789731088e-02
1.641414141414141575e-02
9.132420091324200406e-03
1.030927835051546372e-02
8.883248730964467613e-03
1.126760563380281750e-02
1.660280970625798228e-02
1.385681293302540480e-02
1.127819548872180389e-02
1.176470588235294101e-02
2.600780234070221124e-03
1.329787234042553203e-02
1.152368758002560861e-02
8.684863523573201419e-03
1.453104359313077930e-02
1.520912547528517102e-02
1.464713715046604518e-02
1.840490797546012400e-02
8.849557522123893682e-03
6.605019815059445451e-03
2.607561929595827825e-03
8.130081300813008990e-03
8.557457212713935960e-03
1.111111111111111154e-02
4.895960832313341060e-03
8.974358974358973701e-03
1.375000000000000007e-02
1.147959183673469448e-02
1.075268817204301161e-02
2.464332036316472033e-02
7.518796992481202590e-03
8.393285371702637748e-03
2.607561929595827825e-03
9.913258983890954265e-03
1.612903225806451568e-02
1.849710982658959654e-02
6.353240152477763504e-03
2.758620689655172202e-03
1.167315175097276281e-02
8.275862068965517473e-03
1.322314049586776827e-02
1.065246338215712456e-02
7.528230865746549441e-03
8.717310087173101019e-03
1.016518424396442230e-02
1.192052980132450417e-02
8.739076154806492414e-03
1.637279596977329887e-02
1.096224116930572499e-02
7.499999999999999722e-03
9.592326139088728360e-03
1.884422110552763652e-02
1.178010471204188510e-02
1.574803149606299191e-02
1.308900523560209417e-02
1.896333754740834460e-02
1.597051597051597077e-02
5.952380952380952051e-03
1.722017220172201643e-02
1.256281407035175941e-02
6.485084306095979627e-03
1.136363636363636395e-02
1.660280970625798228e-02
7.211538461538461939e-03
1.482479784366576812e-02
1.511335012594458398e-02
1.078167115902965018e-02
2.344827586206896589e-02
1.112484548825710788e-02
2.028639618138424958e-02
2.143757881462799580e-02
1.264222503160556191e-02
1.123595505617977497e-02
1.136363636363636395e-02
1.466275659824047006e-02
1.356350184956843334e-02
5.056890012642225457e-03
1.105651105651105602e-02
9.055627425614488218e-03
1.447527141133896252e-02
1.351351351351351426e-02
8.928571428571428076e-03
2.475247524752475364e-02
9.320905459387483771e-03
3.870967741935483868e-03
1.065246338215712456e-02
1.897983392645314488e-02
6.203473945409429709e-03
1.488095238095238013e-02
6.648936170212766013e-03
1.115760111576011120e-02
6.226650062266500356e-03
6.119951040391677193e-03
1.100412654745529586e-02
9.345794392523363789e-03
1.251738525730180726e-02
1.224489795918367284e-02
3.984063745019920250e-03
1.261034047919293820e-02
1.133501259445843755e-02
1.397712833545108023e-02
1.781170483460559756e-02
1.412066752246469818e-02
1.390644753476611914e-02
8.086253369272237632e-03
1.010101010101010187e-02
1.283697047496790838e-02
1.326899879372738303e-02
2.073170731707317180e-02
1.008827238335435056e-02
1.608910891089108952e-02
1.052631578947368397e-02
1.093560145808019496e-02
8.782936010037640726e-03
8.185538881309685835e-03
7.177033492822966661e-03
1.417525773195876283e-02
1.408450704225352144e-02
1.463414634146341549e-02
8.536585365853659180e-03
7.761966364812419340e-03
1.191895113230035698e-02
2.011834319526627224e-02
1.120797011207970081e-02
1.412066752246469818e-02
1.090909090909090995e-02
1.447527141133896252e-02
1.476510067114093945e-02
1.579586877278250229e-02
1.711491442542787192e-02
1.025641025641025640e-02
1.361386138613861381e-02
1.129234629861982503e-02
1.248439450686641625e-02
1.021711366538952809e-02
1.430274135876042838e-02
1.234567901234567833e-02
1.639344262295082053e-02
1.456953642384106046e-02
5.095541401273885086e-03
3.787878787878787984e-03
1.118012422360248510e-02
1.112484548825710788e-02
8.860759493670886458e-03
1.300390117035110475e-02
8.827238335435057606e-03
1.270648030495552701e-02
2.666666666666666578e-03
1.403061224489795915e-02
1.058823529411764656e-02
1.381909547738693553e-02
1.130653266331658330e-02
1.513240857503152584e-02
9.310986964618250122e-03
1.254705144291091631e-02
7.083825265643447534e-03
1.251564455569461817e-02
1.424870466321243555e-02
1.156812339331619519e-02
8.464328899637243303e-03
6.553079947575360040e-03
3.792667509481668659e-03
1.250000000000000069e-02
8.474576271186440649e-03
1.347708894878706272e-02
1.518987341772151840e-02
9.815950920245399350e-03
1.032258064516129031e-02
8.567931456548346855e-03
1.232876712328767090e-02
7.299270072992700489e-03
6.377551020408163407e-03
1.443569553805774258e-02
1.292596944770857750e-02
1.171875000000000000e-02
9.768009768009768001e-03
1.045296167247386845e-02
1.298701298701298787e-02
1.578947368421052683e-02
1.078167115902965018e-02
1.036269430051813510e-02
7.863695937090431701e-03
9.975062344139650622e-03
9.925558312655086840e-03
1.437908496732026066e-02
6.738544474393531360e-03
1.133501259445843755e-02
1.261034047919293820e-02
1.155327342747111685e-02
1.265822784810126563e-02
1.419354838709677505e-02
2.127659574468085055e-02
1.503759398496240518e-02
3.671970624235006229e-03
7.926023778071333847e-03
1.199040767386091132e-02
5.201560468140442248e-03
1.290322580645161289e-02
6.983240223463686724e-03
1.637279596977329887e-02
1.349527665317139073e-02
1.028277634961439514e-02
1.358695652173913006e-02
1.564537157757496869e-02
1.593625498007968100e-02
1.381909547738693553e-02
8.805031446540880283e-03
8.985879332477535522e-03
7.326007326007326001e-03
7.168458781362007162e-03
1.445783132530120522e-02
9.421265141318977202e-03
6.361323155216284594e-03
1.353013530135301415e-02
8.045977011494252762e-03
6.242197253433208123e-03
1.591187270501836018e-02
8.985879332477535522e-03
8.728179551122193860e-03
1.542416452442159358e-02
3.658536585365853872e-03
1.785714285714285615e-02
1.538461538461538547e-02
1.463414634146341549e-02
9.535160905840285583e-03
1.417525773195876283e-02
6.605019815059445451e-03
1.103448275862068881e-02
1.637279596977329887e-02
1.330108827085852395e-02
5.479452054794520591e-03
9.615384615384615918e-03
1.608910891089108952e-02
1.502890173410404567e-02
1.750000000000000167e-02
1.095890410958904118e-02
1.254705144291091631e-02
1.242236024844720413e-02
2.724795640326975379e-03
1.360544217687074779e-02
3.968253968253968034e-03
1.132075471698113130e-02
1.226158038147139029e-02
1.134930643127364525e-02
1.732673267326732824e-02
3.911342894393742171e-03
1.571428571428571536e-02
1.081081081081081141e-02
1.579778830963664976e-02
9.615384615384615918e-03
1.432291666666666609e-02
6.259780907668231753e-03
1.575757575757575843e-02
7.643312101910828063e-03
1.480484522207267846e-02
1.072386058981233264e-02
9.210526315789472826e-03
8.860759493670886458e-03
1.593137254901960675e-02
1.056803170409511237e-02
1.379310344827586188e-02
1.165501165501165587e-02
1.006289308176100579e-02
8.917197452229299118e-03
7.874015748031495954e-03
1.802884615384615224e-02
1.204819277108433798e-02
1.056803170409511237e-02
1.115760111576011120e-02
1.367781155015197585e-02
6.944444444444444059e-03
1.069518716577540045e-02
1.190476190476190410e-02
1.003764115432873201e-02
1.548387096774193547e-02
9.937888198757764344e-03
9.032258064516129892e-03
1.210653753026634354e-02
1.620947630922693269e-02
6.622516556291390723e-03
9.114583333333333912e-03
1.174934725848563941e-02
1.351351351351351426e-02
6.877579092159559482e-03
1.277139208173691011e-02
1.385390428211586908e-02
1.020408163265306041e-02
5.108556832694764044e-03
1.867995018679950020e-02
7.623888182973316725e-03
1.111111111111111154e-02
6.257822277847309086e-03
1.307189542483660170e-02
1.215066828675577179e-02
4.914004914004913883e-03
1.216545012165450197e-02
1.614906832298136641e-02
7.444168734491315130e-03
1.508916323731138501e-02
9.852216748768473017e-03
8.599508599508599513e-03
1.090909090909090995e-02
3.754693366708385365e-03
6.849315068493150305e-03
1.242236024844720413e-02
1.322751322751322678e-02
7.575757575757575968e-03
6.353240152477763504e-03
6.587615283267457024e-03
8.391608391608391601e-03
1.070950468540829946e-02
9.433962264150943036e-03
1.710526315789473797e-02
8.515815085158150860e-03
1.115241635687732290e-02
9.756097560975609748e-03
1.834862385321101019e-02
1.318944844124700193e-02
8.663366336633664122e-03
1.270648030495552701e-02
1.650943396226415075e-02
7.317073170731707744e-03
1.001251564455569489e-02
1.548387096774193547e-02
1.066666666666666631e-02
7.490636704119850268e-03
1.190476190476190410e-02
7.001166861143524184e-03
1.722017220172201643e-02
1.003764115432873201e-02
9.673518742442563031e-03
1.075268817204301161e-02
1.171875000000000000e-02
1.524777636594663345e-02
6.203473945409429709e-03
9.603841536614645194e-03
1.137800252844500641e-02
2.383939774153074134e-02
1.369863013698630061e-02
1.200480192076830779e-02
7.556675062972291988e-03
1.306413301662707853e-02
9.489916963226572438e-03
1.875901875901875987e-02
6.053268765133171768e-03
7.052186177715091993e-03
1.566265060240963972e-02
6.784260515603799530e-03
1.190476190476190410e-02
8.547008547008547868e-03
9.032258064516129892e-03
9.523809523809524669e-03
9.840098400984010132e-03
6.273525721455458157e-03
1.783439490445859824e-02
9.603841536614645194e-03
8.905852417302798779e-03
8.871989860583016571e-03
7.407407407407407690e-03
1.406649616368286365e-02
6.459948320413436314e-03
7.874015748031495954e-03
1.107011070110701031e-02
1.554404145077720178e-02
1.155327342747111685e-02
1.417525773195876283e-02
8.849557522123893682e-03
1.404853128991060025e-02
1.028277634961439514e-02
1.307189542483660170e-02
9.227220299884660026e-03
7.100591715976331021e-03
1.558752997601918489e-02
3.731343283582089481e-03
4.932182490752157894e-03
1.470588235294117627e-02
9.925558312655086840e-03
9.043927648578810666e-03
9.090909090909090468e-03
1.184210526315789512e-02
8.130081300813008990e-03
1.143583227445997379e-02
7.528230865746549441e-03
1.143583227445997379e-02
1.308900523560209417e-02
8.174386920980925703e-03
7.722007722007722189e-03
5.780346820809248269e-03
1.606425702811244832e-02
1.310615989515072008e-02
9.472259810554804066e-03
2.724795640326975379e-03
4.054054054054054279e-03
1.549295774647887342e-02
8.567931456548346855e-03
7.352941176470588133e-03
1.038961038961038960e-02
1.355013550135501441e-02
7.547169811320754776e-03
1.310615989515072008e-02
9.079118028534371651e-03
1.061007957559681643e-02
1.546391752577319645e-02
1.193633952254641827e-02
1.295336787564766758e-02
3.841229193341869248e-03
1.003764115432873201e-02
7.425742574257425399e-03
7.499999999999999722e-03
1.476014760147601433e-02
6.675567423230974878e-03
6.775067750677507203e-03
7.905138339920948082e-03
1.526717557251908337e-02
1.116625310173697226e-02
6.954102920723227027e-03
1.920438957475994676e-02
1.879699248120300648e-02
1.130653266331658330e-02
1.030927835051546372e-02
1.328021248339973474e-02
1.194029850746268669e-02
7.499999999999999722e-03
1.566579634464751805e-02
1.038961038961038960e-02
1.044386422976501319e-02
6.510416666666666956e-03
9.987515605493133691e-03
1.025641025641025640e-02
1.001251564455569489e-02
9.395973154362415383e-03
1.065246338215712456e-02
8.526187576126675188e-03
1.063829787234042527e-02
8.782936010037640726e-03
9.395973154362415383e-03
9.859154929577465531e-03
1.021711366538952809e-02
5.050505050505050934e-03
9.216589861751152066e-03
1.555869872701555814e-02
1.222826086956521792e-02
1.112656467315716220e-02
8.356545961002785974e-03
7.012622720897615514e-03
7.874015748031495954e-03
1.410437235543018399e-02
6.631299734748010918e-03
1.113861386138613810e-02
1.167315175097276281e-02
1.030927835051546372e-02
9.497964721845318994e-03
1.098901098901098987e-02
7.702182284980744857e-03
1.488497970230040664e-02
6.702412868632707903e-03
8.219178082191780019e-03
1.413881748071979354e-02
1.397712833545108023e-02
9.562841530054645017e-03
1.082543978349120514e-02
1.203208556149732572e-02
1.419354838709677505e-02
8.883248730964467613e-03
1.041666666666666609e-02
5.208333333333333044e-03
1.047120418848167603e-02
1.432664756446991490e-02
1.176470588235294101e-02
8.042895442359249483e-03
6.657789613848202198e-03
1.971090670170827855e-02
5.479452054794520591e-03
7.389162561576354329e-03
1.930501930501930460e-02
1.212121212121212120e-02
7.853403141361256154e-03
1.058201058201058142e-02
6.793478260869565029e-03
1.250000000000000069e-02
1.084010840108401083e-02
1.287001287001286916e-02
7.585335018963337318e-03
1.180637544273907893e-02
8.944543828264758106e-03
9.549795361527967097e-03
1.787994891443167242e-02
1.317523056653491405e-02
7.772020725388600892e-03
7.331378299120235031e-03
1.081081081081081141e-02
1.510989010989010999e-02
9.234828496042216464e-03
1.126760563380281750e-02
6.657789613848202198e-03
6.544502617801047084e-03
5.509641873278237068e-03
4.021447721179624742e-03
6.250000000000000347e-03
1.692708333333333218e-02
1.329787234042553203e-02
1.196808510638297865e-02
8.253094910591471031e-03
1.075268817204301161e-02
2.141900937081659892e-02
2.294197031039136442e-02
1.768707482993197438e-02
1.438848920863309427e-02
1.269035532994923846e-02
1.846965699208443293e-02
5.763688760806916049e-03
1.576872536136662145e-02
8.042895442359249483e-03
8.391608391608391601e-03
1.273885350318471402e-02
1.670951156812339189e-02
8.771929824561403022e-03
1.069518716577540045e-02
1.274787535410764824e-02
1.729106628242075075e-02
1.109570041608876588e-02
1.054018445322793193e-02
9.831460674157303098e-03
1.260504201680672301e-02
2.048655569782330266e-02
1.608579088471849897e-02
1.388888888888888812e-02
9.118541033434649987e-03
1.125175808720112539e-02
1.505646173149309888e-02
9.079118028534371651e-03
1.445466491458607082e-02
1.173402868318122565e-02
5.309734513274336209e-03
7.968127490039840499e-03
6.518904823989569997e-03
9.138381201044386976e-03
1.872659176029962610e-02
1.526717557251908337e-02
1.436031331592689357e-02
7.623888182973316725e-03
8.241758241758241968e-03
1.150895140664961666e-02
1.371742112482853167e-02
2.113606340819022475e-02
1.203208556149732572e-02
1.343283582089552231e-02
1.438848920863309427e-02
1.443001443001443000e-02
6.385696040868455055e-03
8.075370121130551887e-03
1.589403973509933773e-02
1.530612244897959148e-02
9.478672985781991245e-03
9.333333333333334106e-03
7.062146892655367207e-03
1.014492753623188331e-02
4.087193460490462851e-03
1.124999999999999958e-02
1.003764115432873201e-02
5.188067444876783181e-03
1.025641025641025640e-02
1.045751633986928032e-02
8.728179551122193860e-03
1.589825119236883827e-02
1.253481894150417809e-02
7.926023778071333847e-03
1.466666666666666639e-02
9.079118028534371651e-03
1.002506265664160345e-02
1.525658807212205287e-02
9.950248756218905283e-03
3.870967741935483868e-03
7.915567282321900322e-03
1.417525773195876283e-02
1.856435643564356350e-02
1.668984700973574417e-02
1.243781094527363247e-02
1.001251564455569489e-02
2.038216560509554034e-02
1.462765957446808540e-02
8.141112618724558395e-03
1.167315175097276281e-02
1.476510067114093945e-02
9.925558312655086840e-03
1.035502958579881741e-02
1.480484522207267846e-02
2.724795640326975379e-03
7.853403141361256154e-03
8.379888268156424416e-03
1.041666666666666609e-02
8.827238335435057606e-03
8.898776418242491590e-03
1.162790697674418589e-02
1.421800947867298513e-02
1.506373117033603728e-02
1.080432172869147736e-02
5.952380952380952051e-03
1.513387660069848671e-02
8.443908323281061612e-03
6.127450980392156778e-03
8.383233532934131205e-03
9.408602150537634726e-03
2.515723270440251447e-03
1.093560145808019496e-02
1.256281407035175941e-02
1.197604790419161749e-02
9.864364981504315788e-03
6.877579092159559482e-03
4.801920768307322597e-03
1.785714285714285615e-02
1.400233372228704837e-02
1.052631578947368397e-02
1.117318435754189980e-02
1.222222222222222286e-02
1.223990208078335439e-02
7.334963325183374051e-03
1.726263871763255089e-02
1.577669902912621352e-02
9.345794392523363789e-03
2.237136465324384739e-03
4.640371229698375677e-03
1.391862955032119840e-02
1.916572717023675224e-02
1.233183856502242069e-02
1.144164759725400417e-02
1.300236406619385311e-02
1.194743130227001252e-02
9.090909090909090468e-03
1.548672566371681394e-02
9.334889148191364422e-03
9.825327510917030924e-03
1.360544217687074779e-02
1.487414187643020663e-02
1.057082452431289642e-02
1.454545454545454544e-02
2.093023255813953459e-02
8.567931456548346855e-03
1.166861143523920639e-02
9.771986970684038223e-03
1.679731243001119853e-02
6.681514476614699473e-03
1.212789415656008798e-02
1.045296167247386845e-02
1.583710407239818929e-02
1.452513966480446957e-02
1.406799531066823053e-02
1.485714285714285696e-02
1.063829787234042527e-02
5.773672055427251856e-03
8.898776418242491590e-03
1.632208922742111115e-02
1.473922902494331083e-02
1.164021164021163991e-02
8.363201911589008067e-03
1.328903654485049865e-02
1.166489925768822954e-02
1.609195402298850552e-02
1.254275940706955569e-02
1.709401709401709574e-02
1.194353963083604787e-02
1.351351351351351426e-02
1.220865704772475073e-02
1.399354144241119445e-02
1.464435146443514649e-02
1.066098081023454137e-02
1.285046728971962586e-02
1.208791208791208834e-02
9.513742071881606949e-03
1.914414414414414289e-02
1.041666666666666609e-02
1.314348302300109503e-02
1.500535905680600197e-02
1.206140350877192916e-02
1.722158438576348871e-02
1.881188118811881124e-02
1.569713758079408980e-02
1.068999028182701649e-02
1.437371663244353150e-02
1.311806256306760794e-02
1.614434947768281225e-02
8.771929824561403022e-03
8.797653958944282385e-03
1.323828920570264793e-02
1.724137931034482735e-02
1.008064516129032230e-02
1.247600767754318551e-02
1.265822784810126563e-02
1.044634377967711310e-02
1.684210526315789436e-02
6.802721088435373896e-03
1.491053677932405522e-02
1.384767556874381793e-02
9.910802775024776801e-03
1.089108910891089035e-02
1.242236024844720413e-02
1.616161616161616160e-02
9.756097560975609748e-03
1.442841287458379584e-02
5.050505050505050934e-03
1.609195402298850552e-02
9.784735812133071864e-03
1.238095238095238138e-02
1.661474558670820306e-02
8.806262230919764677e-03
1.189296333002973216e-02
9.483667017913593664e-03
1.043841336116910212e-02
1.322001888574126510e-02
1.051709027169149893e-02
8.678881388621021917e-03
1.280788177339901510e-02
1.113172541743970290e-02
1.340996168582375518e-02
8.910891089108910132e-03
8.658008658008658001e-03
6.965174129353234045e-03
7.692307692307692735e-03
9.900990099009901110e-03
1.123595505617977497e-02
9.980039920159680666e-03
9.652509652509652302e-03
8.910891089108910132e-03
1.248799231508165158e-02
1.359223300970873773e-02
1.247600767754318551e-02
1.414141414141414227e-02
1.356589147286821687e-02
1.372549019607843118e-02
8.840864440078585046e-03
2.091633466135458044e-02
1.666666666666666644e-02
5.675368898978433441e-03
1.210898082744702245e-02
9.478672985781991245e-03
1.100917431192660612e-02
8.130081300813008990e-03
1.056676272814601261e-02
1.615969581749049366e-02
1.248799231508165158e-02
1.147227533460803105e-02
1.085883514313919045e-02
1.075268817204301161e-02
7.960199004975123879e-03
8.294930875576037727e-03
1.131008482563619286e-02
1.123595505617977497e-02
1.329787234042553203e-02
1.445086705202312111e-02
1.567091087169441774e-02
1.732925586136595253e-02
7.774538386783284329e-03
8.587786259541985157e-03
9.803921568627450844e-03
1.734104046242774394e-02
8.814887365328110194e-03
3.940886699507388860e-03
3.948667324777887198e-03
1.195652173913043514e-02
1.397205588822355259e-02
5.752636625119846719e-03
9.596928982725527052e-03
1.454545454545454544e-02
1.174168297455968624e-02
1.106639839034205194e-02
1.486620416253716520e-02
1.048617731172545205e-02
1.098901098901098987e-02
1.491146318732525580e-02
1.344860710854947107e-02
6.835937500000000000e-03
1.220865704772475073e-02
1.421800947867298513e-02
1.175318315377081244e-02
1.116279069767441880e-02
8.048289738430584178e-03
1.077375122428991111e-02
1.115618661257606475e-02
1.058710298363811295e-02
7.827788649706457491e-03
8.866995073891626236e-03
9.587727708533078444e-03
1.285583103764921867e-02
1.506024096385542160e-02
8.555133079847909022e-03
7.662835249042145198e-03
1.084812623274161725e-02
1.221995926680244371e-02
9.832841691248770180e-03
1.443298969072165025e-02
1.067235859124866619e-02
1.360544217687074779e-02
7.640878701050620586e-03
6.060606060606060601e-03
1.396348012889366344e-02
1.250000000000000069e-02
1.119402985074626801e-02
4.816955684007706746e-03
1.521739130434782671e-02
1.136363636363636395e-02
8.506616257088846569e-03
1.675392670157068234e-02
1.250000000000000069e-02
1.356589147286821687e-02
6.302521008403361505e-03
9.765625000000000000e-03
1.045296167247386845e-02
8.264462809917355601e-03
1.253918495297805594e-02
1.419878296146044605e-02
1.060752169720347200e-02
1.432664756446991490e-02
1.232227488151658827e-02
1.184068891280947236e-02
1.368523949169110458e-02
8.982035928143712253e-03
6.103763987792471847e-03
8.893280632411067893e-03
1.166180758017492693e-02
2.030456852791878274e-03
1.573254670599803437e-02
1.519468186134852877e-02
9.137055837563452451e-03
8.211678832116788701e-03
1.113360323886639601e-02
1.435897435897435896e-02
1.655306718597857746e-02
1.344860710854947107e-02
1.185770750988142212e-02
1.529636711281070691e-02
1.314553990610328564e-02
1.319509896324222442e-02
1.007326007326007390e-02
1.131008482563619286e-02
1.066098081023454137e-02
1.467710371819960780e-02
1.058710298363811295e-02
1.198156682027649855e-02
7.744433688286544298e-03
9.487666034155597256e-03
1.183431952662721866e-02
1.492537313432835792e-02
8.226691042047531641e-03
1.372549019607843118e-02
7.699711260827719374e-03
1.158301158301158242e-02
1.239275500476644427e-02
1.034807149576669888e-02
1.273261508325171376e-02
1.454898157129000912e-02
6.711409395973154217e-03
1.258470474346563492e-02
6.211180124223602064e-03
1.245210727969348584e-02
1.832208293153327061e-02
9.487666034155597256e-03
1.114488348530901646e-02
1.359223300970873773e-02
9.546539379474940773e-03
1.059730250481695502e-02
1.063829787234042527e-02
1.706161137440758216e-02
7.976071784646061175e-03
1.309635173058933642e-02
1.067961165048543666e-02
1.246404602109300180e-02
9.018036072144288914e-03
5.565862708719851448e-03
8.645533141210375375e-03
1.042654028436018968e-02
1.025163094128611445e-02
6.698564593301435492e-03
1.200000000000000025e-02
1.196410767696909350e-02
1.045627376425855432e-02
1.161665053242981645e-02
6.937561942517343760e-03
1.349831271091113567e-02
1.100917431192660612e-02
5.235602094240838014e-03
1.167315175097276281e-02
1.429933269780743650e-02
1.869991095280498783e-02
6.660323501427212363e-03
9.950248756218905283e-03
1.353965183752417825e-02
1.780415430267062379e-02
1.839303000968054227e-02
1.436781609195402279e-02
1.147227533460803105e-02
1.170731707317073170e-02
8.628954937679770079e-03
8.902077151335311897e-03
8.458646616541352914e-03
1.153846153846153910e-02
6.951340615690168416e-03
1.018329938900203700e-02
1.090188305252725448e-02
1.334604385128694039e-02
1.015697137580794107e-02
6.986027944111776293e-03
1.988636363636363605e-02
9.045226130653265945e-03
1.239275500476644427e-02
9.202453987730061999e-03
1.158301158301158242e-02
9.285051067780871956e-03
6.134969325153374377e-03
4.816955684007706746e-03
8.387698042870456172e-03
8.221993833504625052e-03
1.342281879194630843e-02
1.436781609195402279e-02
1.148325358851674631e-02
1.204819277108433798e-02
9.910802775024776801e-03
6.653992395437261995e-03
7.547169811320754776e-03
5.633802816901408751e-03
1.105527638190954842e-02
1.427115188583078474e-02
1.445086705202312111e-02
1.284403669724770714e-02
1.407129455909943670e-02
7.476635514018691898e-03
1.265822784810126563e-02
1.546860782529572292e-02
1.841085271317829605e-02
1.204819277108433798e-02
9.307135470527404600e-03
9.416195856873822365e-03
1.001001001001000992e-02
1.136363636363636395e-02
9.398496240601503238e-03
6.591337099811676349e-03
1.225740551583248163e-02
9.316770186335403964e-03
1.401401401401401389e-02
8.620689655172413673e-03
1.101928374655647414e-02
6.653992395437261995e-03
1.229895931882686935e-02
1.040681173131504343e-02
1.121304791029561695e-02
1.071080817916260884e-02
7.889546351084813017e-03
1.102941176470588307e-02
7.684918347742555021e-03
1.608579088471849897e-02
8.458646616541352914e-03
5.649717514124293766e-03
1.698113207547169781e-02
7.575757575757575968e-03
1.099908340971585650e-02
8.797653958944282385e-03
6.578947368421052266e-03
6.554307116104869310e-03
6.666666666666667095e-03
1.132075471698113130e-02
7.655502392344497829e-03
8.310249307479224828e-03
1.395812562313060792e-02
6.469500924214418094e-03
1.011122345803842221e-02
1.303538175046554948e-02
8.754863813229572106e-03
9.225092250922509174e-03
9.689922480620154904e-03
9.587727708533078444e-03
5.808325266214908224e-03
1.133144475920679940e-02
5.928853754940711061e-03
1.210121012101210078e-02
7.782101167315175205e-03
1.045627376425855432e-02
1.124744376278118650e-02
1.288404360753220984e-02
6.737247353224253693e-03
1.405810684161199614e-02
1.255707762557077556e-02
6.481481481481481295e-03
8.973080757726820122e-03
1.027077497665732954e-02
1.065891472868217039e-02
8.138351983723295796e-03
6.717850287907869457e-03
9.746588693957114469e-03
1.279527559055118092e-02
1.172707889125799638e-02
9.345794392523363789e-03
1.236917221693625141e-02
8.474576271186440649e-03
4.752851711026615834e-03
6.660323501427212363e-03
1.210428305400372377e-02
2.890173410404624135e-03
6.511627906976744443e-03
6.782945736434108433e-03
1.956745623069000919e-02
9.761388286334056474e-03
9.727626459143969007e-03
7.172131147540983763e-03
1.189060642092746797e-02
7.181328545780969741e-03
6.776379477250725827e-03
6.610009442870632551e-03
8.902077151335311897e-03
1.196410767696909350e-02
3.112033195020746674e-03
1.009081735620585320e-02
9.514747859181731451e-03
6.211180124223602064e-03
4.840271055179089753e-03
9.132420091324200406e-03
9.794319294809011520e-03
4.664179104477611526e-03
9.615384615384615918e-03
9.972801450589301869e-03
9.940357852882704057e-03
7.547169811320754776e-03
5.031446540880502895e-03
1.221804511278195421e-02
1.024208566108007409e-02
7.714561234329797741e-03
1.823708206686929997e-02
1.224105461393596925e-02
1.206896551724137914e-02
1.325178389398572881e-02
8.434864104967198378e-03
1.101101101101101092e-02
8.403361344537814762e-03
1.025641025641025640e-02
1.025641025641025640e-02
1.317122593718338466e-02
7.092198581560283516e-03
1.486620416253716520e-02
1.787394167450611498e-02
1.557935735150925080e-02
6.156552330694810976e-03
9.183673469387755930e-03
1.092896174863387977e-02
1.006036217303822936e-02
8.249312557286891945e-03
9.551098376313276600e-03
7.626310772163965440e-03
9.451795841209829907e-03
3.933136676499508592e-03
8.530805687203791079e-03
1.165048543689320426e-02
1.127819548872180389e-02
1.381215469613259611e-02
1.184600197433366246e-02
1.387604070305272809e-02
8.857395925597874933e-03
8.604206500956022852e-03
9.174311926605505096e-03
8.893280632411067893e-03
1.259689922480620138e-02
1.099908340971585650e-02
6.717850287907869457e-03
1.508011310084825599e-02
1.107754279959718112e-02
7.279344858962693600e-03
1.096892138939670885e-02
1.223241590214067288e-02
9.718172983479106061e-03
1.017293997965412061e-02
7.874015748031495954e-03
1.357466063348416324e-02
1.729106628242075075e-02
1.027749229188078088e-02
1.246404602109300180e-02
8.568980291345330152e-03
8.920606601248885076e-03
6.542056074766355520e-03
5.571030640668523694e-03
7.827788649706457491e-03
1.023541453428863934e-02
7.597340930674264387e-03
7.655502392344497829e-03
8.780487804878049640e-03
1.445347786811201386e-02
1.134215500945179658e-02
8.832188420019627950e-03
1.615969581749049366e-02
1.246404602109300180e-02
1.202590194264569791e-02
5.714285714285714281e-03
1.318267419962335270e-02
6.523765144454799630e-03
1.080550098231827100e-02
7.774538386783284329e-03
1.520912547528517102e-02
1.154529307282415630e-02
1.717902350813743304e-02
9.689922480620154904e-03
9.578544061302681281e-03
1.032863849765258170e-02
1.193755739210284640e-02
1.084812623274161725e-02
1.881467544684854026e-02
4.965243296921549240e-03
1.162790697674418589e-02
1.373626373626373603e-02
1.282051282051282007e-02
1.115618661257606475e-02
1.527494908350305464e-02
1.534296028880866372e-02
1.012891344383057106e-02
1.005484460694698427e-02
1.502347417840375551e-02
7.366482504604051837e-03
9.795191451469278596e-03
7.407407407407407690e-03
5.940594059405940666e-03
9.718172983479106061e-03
1.366120218579234928e-02
8.662175168431183320e-03
5.571030640668523694e-03
1.795841209829867821e-02
1.256038647342995127e-02
1.512287334593572820e-02
1.236749116607773792e-02
1.175318315377081244e-02
1.361867704280155661e-02
1.202590194264569791e-02
1.171171171171171178e-02
9.587727708533078444e-03
1.286764705882352880e-02
1.209677419354838676e-02
1.382488479262672897e-02
6.566604127579737764e-03
1.221804511278195421e-02
1.407129455909943670e-02
1.025163094128611445e-02
8.154943934760449167e-03
1.146131805157593088e-02
9.036144578313252615e-03
1.521298174442190648e-02
7.722007722007722189e-03
9.954751131221718785e-03
1.175406871609403249e-02
7.722007722007722189e-03
1.771653543307086590e-02
1.515151515151515194e-02
8.522727272727272096e-03
1.222953904045155291e-02
1.147227533460803105e-02
1.190476190476190410e-02
1.539855072463768189e-02
1.893597835888187475e-02
1.170117011701170100e-02
1.375245579567779992e-02
1.437556154537286690e-02
7.266121707538601010e-03
9.259259259259258745e-03
8.645533141210375375e-03
1.116838487972508613e-02
1.890547263681591900e-02
1.409691629955947198e-02
1.189387008234217731e-02
1.141769743101807809e-02
9.208103130755065230e-03
1.008249312557286947e-02
1.614349775784753444e-02
7.797270955165691575e-03
1.226415094339622716e-02
9.345794392523363789e-03
5.393743257820928123e-03
6.529850746268656483e-03
1.082677165354330694e-02
1.093892433910665513e-02
8.426966292134831227e-03
1.262398557258791708e-02
1.729106628242075075e-02
9.140767824497257957e-03
1.166180758017492693e-02
1.023017902813299317e-02
1.223241590214067288e-02
5.825242718446602130e-03
1.053639846743295062e-02
7.326007326007326001e-03
9.560229445506692250e-03
7.985803016858916692e-03
1.684836471754212056e-02
1.222953904045155291e-02
1.290963257199602768e-02
1.030927835051546372e-02
1.203610832497492393e-02
8.174386920980925703e-03
9.380863039399625625e-03
1.590271281571562292e-02
1.214953271028037379e-02
2.158273381294964141e-02
7.469654528478058240e-03
1.216089803554724035e-02
1.764159702878365793e-02
1.423149905123339588e-02
1.216089803554724035e-02
5.159071367153912624e-03
1.263362487852283736e-02
1.510859301227573254e-02
9.328358208955223052e-03
1.087941976427923840e-02
1.051625239005736165e-02
1.417769376181474486e-02
1.222826086956521792e-02
1.056338028169014065e-02
1.180744777475022621e-02
1.068566340160284969e-02
7.181328545780969741e-03
9.319664492078284443e-03
1.134215500945179658e-02
1.655306718597857746e-02
9.149130832570906424e-03
1.387604070305272809e-02
1.141352063213344967e-02
1.268292682926829354e-02
8.016032064128255849e-03
9.900990099009901110e-03
1.026119402985074640e-02
1.030927835051546372e-02
1.348747591522157958e-02
9.099181073703365916e-03
1.588877855014895688e-02
5.530973451327433552e-03
1.392757660167130880e-02
1.868239921337266560e-02
1.014760147601475974e-02
1.091901728844404083e-02
1.326530612244897905e-02
6.610009442870632551e-03
9.548611111111111882e-03
5.623242736644798630e-03
1.628352490421455800e-02
1.009081735620585320e-02
1.506591337099811613e-02
1.544401544401544438e-02
6.542056074766355520e-03
1.071080817916260884e-02
1.084812623274161725e-02
1.308411214953271104e-02
8.333333333333333218e-03
1.876955161626694610e-02
8.333333333333333218e-03
1.491053677932405522e-02
6.585136406396989960e-03
1.216089803554724035e-02
7.149240393208221474e-03
4.990019960079840333e-03
1.476014760147601433e-02
8.687258687258687245e-03
8.635578583765112295e-03
1.189387008234217731e-02
1.348920863309352458e-02
9.202453987730061999e-03
8.071748878923767218e-03
9.737098344693282184e-03
8.130081300813008990e-03
6.628787878787878972e-03
1.150627615062761559e-02
8.403361344537814762e-03
7.239819004524887178e-03
1.571709233791748414e-02
9.523809523809524669e-03
9.451795841209829907e-03
9.230769230769231629e-03
1.447876447876447932e-02
9.469696969696969960e-03
1.020408163265306041e-02
1.221804511278195421e-02
1.071428571428571438e-02
1.730769230769230865e-02
1.146384479717812988e-02
1.499531396438612968e-02
9.174311926605505096e-03
1.015697137580794107e-02
1.154529307282415630e-02
5.424954792043399678e-03
1.092896174863387977e-02
8.563273073263558133e-03
6.923837784371908964e-03
1.033834586466165356e-02
8.866995073891626236e-03
3.322259136212624663e-03
6.066734074823053845e-03
9.756097560975609748e-03
1.186131386861313808e-02
1.145038167938931296e-02
1.227573182247403139e-02
1.089108910891089035e-02
1.299999999999999940e-02
1.224489795918367284e-02
4.716981132075471518e-03
7.684918347742555021e-03
1.398601398601398600e-02
1.330967169476486231e-02
1.056676272814601261e-02
8.780487804878049640e-03
1.269531250000000000e-02
1.416430594900849882e-02
1.038715769593956569e-02
1.369863013698630061e-02
1.552511415525114138e-02
1.099999999999999936e-02
1.017293997965412061e-02
7.575757575757575968e-03
1.421319796954314749e-02
1.738241308793456175e-02
1.048617731172545205e-02
8.272058823529411867e-03
1.131008482563619286e-02
9.389671361502347630e-03
1.194029850746268669e-02
6.815968841285297009e-03
6.796116504854368863e-03
1.091901728844404083e-02
1.019462465245597749e-02
1.028999064546304992e-02
9.514747859181731451e-03
1.515151515151515194e-02
1.253616200578592035e-02
1.851851851851851749e-02
5.591798695246971360e-03
9.036144578313252615e-03
4.703668861712135066e-03
9.514747859181731451e-03
1.059730250481695502e-02
1.542912246865959548e-02
1.054650047938638507e-02
8.858267716535432948e-03
5.005005005005004962e-03
1.554907677356656866e-02
1.173020527859237536e-02
4.428697962798937467e-03
1.103955841766329424e-02
1.048617731172545205e-02
5.424954792043399678e-03
2.793296089385474950e-03
9.671179883945842104e-03
1.176470588235294101e-02
9.990917347865576822e-03
1.413760603204524020e-02
8.832188420019627950e-03
1.081612586037364841e-02
6.542056074766355520e-03
1.061776061776061736e-02
9.054325955734406767e-03
8.840864440078585046e-03
1.095890410958904118e-02
7.292616226071102839e-03
9.680542110358179506e-03
1.272727272727272770e-02
1.548269581056466344e-02
1.090909090909090995e-02
1.739926739926739990e-02
1.273885350318471402e-02
9.049773755656109406e-03
9.183673469387755930e-03
1.145038167938931296e-02
8.826125330979699146e-03
1.058710298363811295e-02
9.881422924901185970e-03
1.177536231884057996e-02
9.652509652509652302e-03
8.538899430740038224e-03
1.285855588526211603e-02
1.275045537340619393e-02
1.112140871177015773e-02
9.433962264150943036e-03
7.684918347742555021e-03
1.213818860877684432e-02
1.542649727767695170e-02
7.722007722007722189e-03
8.579599618684461554e-03
1.660516605166051721e-02
1.031894934333958680e-02
1.434034416826003751e-02
1.522359657469077136e-02
1.581027667984189616e-02
9.336099585062240455e-03
1.344860710854947107e-02
1.460564751703992241e-02
9.442870632672331968e-03
1.741521539871677265e-02
1.373895976447497488e-02
9.398496240601503238e-03
1.091269841269841209e-02
1.116279069767441880e-02
1.539855072463768189e-02
1.344860710854947107e-02
1.229508196721311453e-02
1.395812562313060792e-02
1.239275500476644427e-02
9.193054136874361654e-03
9.852216748768473017e-03
1.015697137580794107e-02
8.442776735459662715e-03
1.503759398496240518e-02
1.079489695780176672e-02
1.257253384912959335e-02
1.000000000000000021e-02
9.199632014719410708e-03
9.319664492078284443e-03
1.313320825515947553e-02
1.400560224089635909e-02
1.293103448275862051e-02
1.458523245214220568e-02
8.356545961002785974e-03
1.355275895450145165e-02
1.104972375690607689e-02
9.920634920634920084e-03
1.888667992047713545e-02
9.225092250922509174e-03
1.051625239005736165e-02
8.620689655172413673e-03
1.014760147601475974e-02
1.850048685491723424e-02
1.235741444866920134e-02
6.493506493506493935e-03
1.309635173058933642e-02
6.266786034019695799e-03
1.585728444003964288e-02
1.395348837209302306e-02
7.011393514460999288e-03
1.256732495511669705e-02
1.529636711281070691e-02
1.258992805755395662e-02
9.310986964618250122e-03
2.367531003382187041e-02
1.307189542483660170e-02
9.208103130755065230e-03
1.113172541743970290e-02
1.358695652173913006e-02
8.317929759704250844e-03
1.098901098901098987e-02
1.011959521619135161e-02
1.404494382022471871e-02
1.470588235294117627e-02
1.192660550458715663e-02
7.677543186180421989e-03
1.008064516129032230e-02
7.604562737642585508e-03
1.065719360568383699e-02
1.264488935721812431e-02
1.620591039084842699e-02
1.578458681522748250e-02
1.019462465245597749e-02
1.464843750000000000e-02
1.318681318681318680e-02
1.414677276746242190e-02
1.594331266607617453e-02
1.719457013574660770e-02
7.366482504604051837e-03
1.123595505617977497e-02
1.308411214953271104e-02
1.333333333333333419e-02
1.780415430267062379e-02
1.388888888888888812e-02
1.286764705882352880e-02
1.045627376425855432e-02
9.242144177449168954e-03
1.061946902654867242e-02
8.364312267657991740e-03
1.624548736462093704e-02
1.271571298819255263e-02
1.045627376425855432e-02
1.109989909182643869e-02
6.194690265486725578e-03
1.079136690647482071e-02
8.645533141210375375e-03
1.497005988023952100e-02
8.814887365328110194e-03
1.581027667984189616e-02
6.882989183874139820e-03
9.045226130653265945e-03
1.625239005736137804e-02
1.111111111111111154e-02
1.122544434050514427e-02
5.988023952095808747e-03
1.411290322580645122e-02
1.590909090909090745e-02
1.545893719806763246e-02
1.138519924098671705e-02
7.568590350047303683e-03
7.670182166826461714e-03
1.290963257199602768e-02
9.191176470588235600e-03
1.216089803554724035e-02
1.108870967741935540e-02
5.224660397074190263e-03
1.240458015267175557e-02
1.532567049808429040e-02
9.661835748792270070e-03
1.629913710450623179e-02
6.952491309385863162e-03
1.035781544256120582e-02
1.153846153846153910e-02
1.853568118628359448e-02
1.243339253996447562e-02
1.391465677179962862e-02
1.009174311926605561e-02
1.131687242798353962e-02
9.310986964618250122e-03
9.137055837563452451e-03
1.383763837638376376e-02
1.210428305400372377e-02
1.040681173131504343e-02
6.554307116104869310e-03
1.862197392923650024e-02
2.092050209205020828e-02
1.025163094128611445e-02
9.856630824372759198e-03
1.366120218579234928e-02
1.372549019607843118e-02
1.671309192200557195e-02
1.136363636363636395e-02
1.479289940828402289e-02
1.441441441441441464e-02
9.596928982725527052e-03
1.367365542388331891e-02
5.665722379603399701e-03
6.653992395437261995e-03
1.160541586073501018e-02
8.628954937679770079e-03
7.928642220019821441e-03
1.313320825515947553e-02
7.525870178739416973e-03
1.032863849765258170e-02
1.149425287356321823e-02
9.657594381035996406e-03
1.067615658362989356e-02
1.601423487544484034e-02
1.382488479262672897e-02
1.322482197355035610e-02
5.958291956305859262e-03
1.442741208295761877e-02
1.202590194264569791e-02
1.190476190476190410e-02
1.680672268907562952e-02
2.066929133858267861e-02
1.513718070009460737e-02
9.933774834437086518e-03
9.981851179673321278e-03
6.679389312977099084e-03
1.310483870967741986e-02
1.953488372093023159e-02
8.115419296663661103e-03
1.400560224089635909e-02
7.441860465116279487e-03
1.153846153846153910e-02
8.219178082191780019e-03
1.073345259391770938e-02
1.315789473684210453e-02
1.341681574239713716e-02
8.645533141210375375e-03
1.454138702460850037e-02
1.278538812785388196e-02
1.603773584905660368e-02
1.115241635687732290e-02
1.399253731343283631e-02
1.095890410958904118e-02
9.242144177449168954e-03
1.101928374655647414e-02
1.122544434050514427e-02
1.212686567164179136e-02
1.433691756272401432e-02
1.355275895450145165e-02
9.596928982725527052e-03
7.329842931937172873e-03
8.064516129032257841e-03
1.221804511278195421e-02
1.268292682926829354e-02
1.474654377880184331e-02
1.813471502590673426e-02
1.165919282511210762e-02
1.587301587301587213e-02
1.090188305252725448e-02
1.710171017101710239e-02
1.293900184842883619e-02
1.759259259259259370e-02
1.104972375690607689e-02
1.516683518705763331e-02
1.305970149253731297e-02
9.208103130755065230e-03
9.532888465204957668e-03
1.064773735581188950e-02
9.874326750448832526e-03
1.190476190476190410e-02
1.600753295668549958e-02
1.250000000000000069e-02
1.924839596700275018e-02
1.486620416253716520e-02
1.144640998959417337e-02
8.048289738430584178e-03
1.135288552507095552e-02
1.568265682656826490e-02
1.167315175097276281e-02
4.761904761904762334e-03
9.856630824372759198e-03
6.323396567299006607e-03
1.318267419962335270e-02
1.002004008016032024e-02
6.666666666666667095e-03
9.451795841209829907e-03
8.687258687258687245e-03
1.696512723845428755e-02
9.137055837563452451e-03
1.111111111111111154e-02
1.244019138755980865e-02
1.084812623274161725e-02
1.576994434137291359e-02
1.227573182247403139e-02
1.119402985074626801e-02
1.105990783410138248e-02
1.190476190476190410e-02
1.474654377880184331e-02
1.060752169720347200e-02
1.142857142857142856e-02
1.339712918660287098e-02
9.784735812133071864e-03
1.637764932562620415e-02
3.917727717923604434e-03
6.234413965087282072e-03
9.355509355509356029e-03
1.368421052631579003e-02
1.752767527675276604e-02
7.428040854224698258e-03
7.575757575757575968e-03
8.984725965858041813e-03
1.204819277108433798e-02
7.220216606498195203e-03
1.141352063213344967e-02
1.198156682027649855e-02
8.230452674897120041e-03
1.713255184851217305e-02
1.121495327102803655e-02
6.451612903225806446e-03
9.174311926605505096e-03
1.122544434050514427e-02
1.094527363184079685e-02
5.655042412818096428e-03
1.260126012601260094e-02
1.187214611872146157e-02
7.597340930674264387e-03
8.826125330979699146e-03
1.257861635220125854e-02
1.192842942345924417e-02
7.332722273143904915e-03
1.233299075025693671e-02
8.226691042047531641e-03
1.573426573426573577e-02
8.115419296663661103e-03
1.050620821394460287e-02
1.128880526810912589e-02
9.918845807033362799e-03
1.174168297455968624e-02
9.009009009009008931e-03
1.068200493015612242e-02
1.141352063213344967e-02
8.490566037735848906e-03
1.221804511278195421e-02
6.439742410303588016e-03
1.041666666666666609e-02
4.127966976264189555e-03
1.846722068328716590e-02
9.157509157509157935e-03
1.473296500920810367e-02
1.445347786811201386e-02
1.329787234042553203e-02
1.003649635036496339e-02
1.115618661257606475e-02
1.690821256038647219e-02
9.354536950420953845e-03
6.076388888888888985e-03
8.100810081008101224e-03
1.221640488656195421e-02
7.226738934056006931e-03
8.159564823209428802e-03
8.756567425569176943e-03
1.234567901234567833e-02
1.193755739210284640e-02
1.627486437613019990e-02
9.191176470588235600e-03
2.023919043238270321e-02
1.386321626617375256e-02
1.122625215889464650e-02
1.301115241635687758e-02
1.388888888888888812e-02
1.189387008234217731e-02
1.212121212121212120e-02
7.778738115816767086e-03
1.253616200578592035e-02
1.679929266136162558e-02
9.892086330935251012e-03
9.900990099009901110e-03
1.264679313459801321e-02
1.006404391582799672e-02
5.257623554153522880e-03
7.414272474513438488e-03
1.314636283961437280e-02
9.140767824497257957e-03
1.006404391582799672e-02
1.136363636363636395e-02
1.608579088471849897e-02
9.115770282588878115e-03
6.511627906976744443e-03
1.017576318223866773e-02
1.297497683039851649e-02
1.106639839034205194e-02
8.490566037735848906e-03
1.318101933216168746e-02
1.160714285714285754e-02
1.450511945392491536e-02
1.919561243144424223e-02
9.017132551848511951e-03
1.333333333333333419e-02
9.523809523809524669e-03
1.047120418848167603e-02
1.260126012601260094e-02
1.057692307692307751e-02
1.047120418848167603e-02
1.440922190201729056e-02
6.986027944111776293e-03
1.195952161913523513e-02
6.535947712418300852e-03
9.082652134423252130e-03
1.526717557251908337e-02
9.514747859181731451e-03
8.024072216649949865e-03
8.849557522123893682e-03
1.839926402943882142e-02
9.743135518157660865e-03
1.181818181818181795e-02
7.079646017699114946e-03
1.095890410958904118e-02
1.371115173674588607e-02
1.242829827915870045e-02
8.857395925597874933e-03
1.445347786811201386e-02
1.066666666666666631e-02
1.386138613861386155e-02
1.739130434782608717e-02
9.515570934256055435e-03
1.509769094138543530e-02
5.459508644222020417e-03
1.428571428571428527e-02
9.945750452079566220e-03
9.337068160597572150e-03
4.508566275924255976e-03
1.799485861182519367e-02
1.754385964912280604e-02
1.199261992619926262e-02
1.660516605166051721e-02
1.168451801363193723e-02
1.293532338308457652e-02
1.160541586073501018e-02
4.708097928436911182e-03
1.207056638811513510e-02
1.131008482563619286e-02
1.342882721575648988e-02
8.764241893076249110e-03
7.123775601068566173e-03
1.690391459074733205e-02
6.566604127579737764e-03
9.560229445506692250e-03
1.018518518518518601e-02
1.004566210045662079e-02
7.797270955165691575e-03
9.033423667570008447e-03
1.402278702892199858e-02
1.515151515151515194e-02
1.453224341507720202e-02
7.285974499089253181e-03
1.848428835489833791e-02
1.124648547328959726e-02
1.636188642925890183e-02
9.310986964618250122e-03
1.233396584440227782e-02
1.620162016201620245e-02
1.233396584440227782e-02
9.990917347865576822e-03
1.164874551971326229e-02
8.234217749313814394e-03
9.363295880149813052e-03
1.061776061776061736e-02
9.222661396574440007e-03
1.675977653631284883e-02
7.252946509519492269e-03
8.317929759704250844e-03
1.226993865030674875e-02
8.754863813229572106e-03
1.296296296296296259e-02
1.338432122370936984e-02
4.703668861712135066e-03
8.629989212513483610e-03
8.298755186721991708e-03
1.280878316559926761e-02
8.789062500000000000e-03
1.486988847583643053e-02
1.408450704225352144e-02
7.812500000000000000e-03
7.880910683012259249e-03
9.963768115942028131e-03
1.181102362204724393e-02
1.038715769593956569e-02
9.623797025371827810e-03
8.086253369272237632e-03
1.575532900834105549e-02
1.352569882777276793e-02
7.416563658838071921e-03
1.266968325791855213e-02
1.258470474346563492e-02
1.107011070110701031e-02
1.022304832713754642e-02
5.390835579514825088e-03
8.057296329453894970e-03
1.657940663176265400e-02
8.826125330979699146e-03
9.250693802035152638e-03
1.000909918107370337e-02
8.474576271186440649e-03
1.717902350813743304e-02
6.469500924214418094e-03
1.363193768257059402e-02
1.440144014401440083e-02
8.583690987124463490e-03
1.547987616099071213e-02
8.474576271186440649e-03
6.289308176100629269e-03
1.342882721575648988e-02
1.216089803554724035e-02
2.023121387283237024e-02
9.918845807033362799e-03
6.050129645635263578e-03
1.193755739210284640e-02
1.355013550135501441e-02
9.066183136899365336e-03
1.042654028436018968e-02
1.341681574239713716e-02
1.104502973661852100e-02
1.163831692032229158e-02
5.030181086519114678e-03
9.009009009009008931e-03
8.426966292134831227e-03
1.498127340823970054e-02
5.504587155963303058e-03
1.394052044609665406e-02
8.379888268156424416e-03
1.054481546572934997e-02
1.722574796010879414e-02
1.075268817204301161e-02
9.285051067780871956e-03
1.188299817184643517e-02
1.077375122428991111e-02
9.107468123861567344e-03
1.755926251097453955e-02
9.049773755656109406e-03
1.180744777475022621e-02
1.378676470588235253e-02
1.345291479820627870e-02
1.170117011701170100e-02
1.192842942345924417e-02
9.407337723424270132e-03
1.252236135957066239e-02
1.571164510166358705e-02
1.465201465201465200e-02
9.124087591240875178e-03
9.594882729211088104e-03
1.252236135957066239e-02
1.130434782608695683e-02
1.488616462346760080e-02
8.130081300813008990e-03
1.090909090909090995e-02
1.203703703703703706e-02
1.051709027169149893e-02
8.555133079847909022e-03
1.225919439579684772e-02
1.031894934333958680e-02
1.546860782529572292e-02
4.500450045004500584e-03
1.762977473065622039e-02
8.387698042870456172e-03
1.446480231436837044e-02
1.353965183752417825e-02
9.615384615384615918e-03
5.865102639296187678e-03
1.347708894878706272e-02
1.236917221693625141e-02
9.717314487632508491e-03
5.235602094240838014e-03
1.555352241537054023e-02
8.514664143803217511e-03
1.503094606542882371e-02
1.224105461393596925e-02
6.272401433691756484e-03
9.174311926605505096e-03
1.069518716577540045e-02
1.122334455667788923e-02
1.020408163265306041e-02
1.700984780662488649e-02
1.107325383304940368e-02
6.566604127579737764e-03
1.401050788091068311e-02
1.123595505617977497e-02
1.188299817184643517e-02
8.333333333333333218e-03
1.394052044609665406e-02
1.340482573726541581e-02
1.100917431192660612e-02
1.083032490974729194e-02
1.132075471698113130e-02
8.992805755395683054e-03
1.280878316559926761e-02
8.152173913043478035e-03
1.238095238095238138e-02
1.553398058252427119e-02
8.884501480750246413e-03
1.103955841766329424e-02
1.386481802426343078e-02
9.918845807033362799e-03
1.133144475920679940e-02
1.447876447876447932e-02
1.027077497665732954e-02
8.333333333333333218e-03
1.396648044692737345e-02
1.052631578947368397e-02
1.004566210045662079e-02
9.725906277630416361e-03
1.046622264509990477e-02
1.399253731343283631e-02
7.128309572301426075e-03
1.268292682926829354e-02
1.600753295668549958e-02
1.171171171171171178e-02
1.374885426214482106e-02
9.066183136899365336e-04
1.258992805755395662e-02
1.231060606060606008e-02
1.262398557258791708e-02
1.198156682027649855e-02
1.252408477842003806e-02
1.372369624885635790e-02
1.052631578947368397e-02
1.650485436893204053e-02
8.613264427217916241e-03
1.400560224089635909e-02
7.319304666056724966e-03
1.280878316559926761e-02
1.180744777475022621e-02
1.378122308354866495e-02
1.178603807796917494e-02
1.102629346904156031e-02
9.652509652509652302e-03
1.221640488656195421e-02
9.560229445506692250e-03
1.321585903083700476e-02
1.447876447876447932e-02
1.254480286738351297e-02
1.203703703703703706e-02
9.649122807017544365e-03
9.451795841209829907e-03
1.410934744268077523e-02
1.170117011701170100e-02
9.725906277630416361e-03
9.074410163339383453e-03
1.320422535211267581e-02
1.643835616438356004e-02
1.171458998935037341e-02
1.342882721575648988e-02
9.615384615384615918e-03
1.392515230635335034e-02
6.244424620874219380e-03
1.626016260162601798e-02
7.518796992481202590e-03
8.628954937679770079e-03
1.255605381165919229e-02
9.918845807033362799e-03
1.056676272814601261e-02
1.114206128133704739e-02
1.649862511457378389e-02
1.288056206088993016e-02
1.155555555555555503e-02
1.457399103139013496e-02
1.672862453531598348e-02
1.036757775683317707e-02
1.230228471001757438e-02
1.014760147601475974e-02
1.357466063348416324e-02
1.901140684410646334e-02
1.421800947867298513e-02
7.547169811320754776e-03
1.519213583556747009e-02
1.081081081081081141e-02
1.307189542483660170e-02
1.830443159922928720e-02
7.149240393208221474e-03
1.061007957559681643e-02
1.208178438661710111e-02
1.154529307282415630e-02
5.797101449275362389e-03
1.203501094091903763e-02
1.132075471698113130e-02
9.310986964618250122e-03
7.611798287345385682e-03
1.145374449339207033e-02
8.771929824561403022e-03
5.780346820809248269e-03
1.385041551246537356e-02
1.260126012601260094e-02
1.001821493624772269e-02
1.005484460694698427e-02
1.423149905123339588e-02
8.078994614003590091e-03
9.883198562443845994e-03
1.800180018001800233e-02
6.872852233676975814e-03
1.640838650865998269e-02
4.916420845624385090e-03
1.412180052956752037e-02
1.545893719806763246e-02
1.273885350318471402e-02
1.117318435754189980e-02
1.045627376425855432e-02
9.945750452079566220e-03
1.756007393715341980e-02
1.493930905695611648e-02
7.366482504604051837e-03
9.140767824497257957e-03
6.679389312977099084e-03
1.209302325581395297e-02
1.033834586466165356e-02
8.704061895551257200e-03
8.411214953271028277e-03
1.368523949169110458e-02
1.584158415841584178e-02
1.303538175046554948e-02
1.208459214501510573e-02
1.134020618556700992e-02
1.007326007326007390e-02
1.194029850746268669e-02
1.340482573726541581e-02
1.207056638811513510e-02
9.404388714733542820e-03
1.346153846153846229e-02
1.339712918660287098e-02
1.039697542533081324e-02
7.568590350047303683e-03
1.033834586466165356e-02
9.532888465204957668e-03
8.287292817679557666e-03
1.728844404003639784e-02
1.347708894878706272e-02
1.112140871177015773e-02
8.474576271186440649e-03
1.413427561837455812e-02
1.221804511278195421e-02
1.009174311926605561e-02
1.233480176211453755e-02
1.377952755905511792e-02
1.428571428571428527e-02
8.403361344537814762e-03
1.262135922330097013e-02
1.660156250000000000e-02
1.305970149253731297e-02
9.099181073703365916e-03
1.403180542563143077e-02
1.333333333333333419e-02
1.614349775784753444e-02
9.174311926605505096e-03
1.850138760407030528e-02
1.019462465245597749e-02
9.045226130653265945e-03
7.960199004975123879e-03
1.248799231508165158e-02
9.532888465204957668e-03
7.359705611775528913e-03
1.284246575342465682e-02
1.042654028436018968e-02
9.140767824497257957e-03
9.680542110358179506e-03
1.435406698564593332e-02
1.262398557258791708e-02
1.502347417840375551e-02
9.233610341643582950e-03
1.608325449385052119e-02
1.236917221693625141e-02
1.186623516720604170e-02
1.040681173131504343e-02
5.504587155963303058e-03
1.580333625987708629e-02
1.303538175046554948e-02
7.992895204262877307e-03
1.102941176470588307e-02
1.319509896324222442e-02
1.238095238095238138e-02
1.000000000000000021e-02
1.649862511457378389e-02
1.000000000000000021e-02
1.433691756272401432e-02
9.856630824372759198e-03
9.945750452079566220e-03
1.048034934497816574e-02
1.429848078641644295e-02
1.423149905123339588e-02
1.228733459357277819e-02
1.174168297455968624e-02
1.414141414141414227e-02
1.181818181818181795e-02
1.008249312557286947e-02
1.462522851919561238e-02
1.085883514313919045e-02
1.479547432550043506e-02
1.074218750000000000e-02
8.482563619227143775e-03
1.369863013698630061e-02
1.434977578475336336e-02
7.414272474513438488e-03
8.204193254329991344e-03
8.434864104967198378e-03
2.090909090909090842e-02
1.715919923736892311e-02
7.699711260827719374e-03
1.548886737657308860e-02
8.159564823209428802e-03
1.417769376181474486e-02
1.316944688323090466e-02
1.177536231884057996e-02
1.411100658513640693e-02
1.212121212121212120e-02
8.139534883720930120e-03
1.298701298701298787e-02
1.289134438305709028e-02
1.373626373626373603e-02
1.434426229508196753e-02
8.645533141210375375e-03
1.265822784810126563e-02
9.354536950420953845e-03
9.689922480620154904e-03
8.387698042870456172e-03
1.386321626617375256e-02
7.142857142857142634e-03
1.207056638811513510e-02
6.493506493506493935e-03
1.530153015301530077e-02
1.349693251533742346e-02
1.189387008234217731e-02
1.496725912067352685e-02
1.639344262295082053e-02
1.600000000000000033e-02
2.077431539187913137e-02
1.392757660167130880e-02
1.277372262773722629e-02
1.304753028890959926e-02
1.344860710854947107e-02
1.061776061776061736e-02
1.367187500000000000e-02
1.296296296296296259e-02
6.439742410303588016e-03
1.572617946345976001e-02
2.040816326530612082e-02
1.671891327063741023e-02
1.412429378531073441e-02
1.499531396438612968e-02
1.744719926538108520e-02
1.159114857744994800e-02
1.025163094128611445e-02
1.140684410646387870e-02
1.043643263757115802e-02
1.386321626617375256e-02
1.037165082108902278e-02
1.055408970976253261e-02
1.289134438305709028e-02
1.124648547328959726e-02
9.981851179673321278e-03
1.357466063348416324e-02
7.028112449799196575e-03
7.400555041628122457e-03
1.192660550458715663e-02
1.529636711281070691e-02
1.585820895522388127e-02
1.850138760407030528e-02
1.307847082494969886e-02
9.775171065493646130e-03
1.276207839562443040e-02
1.092896174863387977e-02
1.094890510948905160e-02
9.990917347865576822e-03
1.069518716577540045e-02
1.477832512315270866e-02
1.426024955436720060e-02
1.146384479717812988e-02
1.688888888888888731e-02
1.177625122669283611e-02
1.481481481481481538e-02
1.203703703703703706e-02
1.466275659824047006e-02
1.515151515151515194e-02
1.463414634146341549e-02
1.582591493570721999e-02
8.866995073891626236e-03
1.353965183752417825e-02
1.010101010101010187e-02
9.963768115942028131e-03
1.579925650557620700e-02
1.177625122669283611e-02
2.181818181818181990e-02
5.665722379603399701e-03
1.626794258373205626e-02
1.359223300970873773e-02
1.275760549558390550e-02
9.469696969696969960e-03
1.030927835051546372e-02
1.175318315377081244e-02
6.711409395973154217e-03
9.852216748768473017e-03
1.467710371819960780e-02
5.681818181818181976e-03
9.345794392523363789e-03
6.876227897838899962e-03
1.339712918660287098e-02
1.409774436090225486e-02
1.776198934280639324e-02
1.044634377967711310e-02
1.075268817204301161e-02
1.715919923736892311e-02
8.356545961002785974e-03
9.606147934678194861e-03
1.377410468319559267e-02
1.241642788920725889e-02
6.404391582799633803e-03
1.132404181184669054e-02
1.318101933216168746e-02
1.521933751119068992e-02
1.107754279959718112e-02
1.571164510166358705e-02
6.352087114337568244e-03
1.907131011608623541e-02
1.598401598401598400e-02
1.228733459357277819e-02
1.214953271028037379e-02
1.454545454545454544e-02
1.047619047619047575e-02
1.171171171171171178e-02
8.498583569405099986e-03
1.654601861427094228e-02
9.416195856873822365e-03
1.156069364161849654e-02
9.345794392523363789e-03
1.756007393715341980e-02
1.117318435754189980e-02
3.636363636363636360e-03
1.039501039501039559e-02
1.740644038294168749e-02
1.264679313459801321e-02
1.484230055658627111e-02
1.500938086303939961e-02
1.913875598086124327e-02
9.208103130755065230e-03
1.053639846743295062e-02
1.073170731707317159e-02
1.234567901234567833e-02
1.660516605166051721e-02
8.325624421831637548e-03
1.374885426214482106e-02
2.228682170542635801e-02
9.633911368015413493e-03
1.150527325023969344e-02
6.616257088846880761e-03
1.680672268907562952e-02
2.187784867821331025e-02
1.153504880212954768e-02
8.372093023255814531e-03
1.143359718557607728e-02
1.340996168582375518e-02
8.806262230919764677e-03
1.522248243559718925e-02
1.517857142857142842e-02
1.197053406998158445e-02
1.637764932562620415e-02
1.397205588822355259e-02
5.555555555555555768e-03
1.919385796545105410e-02
8.814887365328110194e-03
1.930147058823529493e-02
1.496725912067352685e-02
1.535682023486901505e-02
1.512287334593572820e-02
8.530805687203791079e-03
9.380863039399625625e-03
5.597014925373134005e-03
1.183970856102003685e-02
1.482854494902687698e-02
1.839303000968054227e-02
1.565377532228361124e-02
9.345794392523363789e-03
1.213818860877684432e-02
1.054650047938638507e-02
1.453224341507720202e-02
1.440677966101694928e-02
1.296296296296296259e-02
1.658986175115207545e-02
7.104795737122557991e-03
1.054650047938638507e-02
1.366120218579234928e-02
1.318267419962335270e-02
1.394052044609665406e-02
1.115241635687732290e-02
7.782101167315175205e-03
1.108033240997229919e-02
1.554907677356656866e-02
1.010101010101010187e-02
1.259181532004197308e-02
1.002734731084776662e-02
1.758014477766287401e-02
1.210025929127052716e-02
9.945750452079566220e-03
9.927797833935018620e-03
8.086253369272237632e-03
1.095890410958904118e-02
1.163831692032229158e-02
9.746588693957114469e-03
1.186131386861313808e-02
9.146341463414633596e-03
1.611374407582938373e-02
1.070038910505836591e-02
1.086956521739130405e-02
9.892086330935251012e-03
1.240458015267175557e-02
1.224105461393596925e-02
1.165919282511210762e-02
1.151631477927063385e-02
1.797540208136234538e-02
1.951672862453531637e-02
7.326007326007326001e-03
1.053639846743295062e-02
1.394422310756972087e-02
1.649862511457378389e-02
1.302325581395348889e-02
1.369863013698630061e-02
7.826086956521739746e-03
1.431127012522361366e-02
1.059730250481695502e-02
1.463860933211344993e-02
7.285974499089253181e-03
1.137538779731127152e-02
8.991008991008991869e-03
1.582867783985102486e-02
1.359927470534904800e-02
1.049618320610687036e-02
1.360544217687074779e-02
1.113172541743970290e-02
1.551094890510948919e-02
1.342882721575648988e-02
5.385996409335727306e-03
1.473296500920810367e-02
2.072072072072072071e-02
1.082055906221821538e-02
1.833976833976834128e-02
1.645692158760890533e-02
8.385744234800839025e-03
1.449275362318840597e-02
4.524886877828054703e-03
7.525870178739416973e-03
9.473684210526316443e-03
7.540056550424127993e-03
1.863932898415656889e-02
1.986754966887417304e-02
1.008249312557286947e-02
1.491053677932405522e-02
7.434944237918215265e-03
1.251303441084463015e-02
1.532912533814247136e-02
1.465201465201465200e-02
1.719197707736389719e-02
1.004566210045662079e-02
1.669758812615955434e-02
7.497656982193064840e-03
1.397949673811742753e-02
1.308411214953271104e-02
1.209302325581395297e-02
1.405810684161199614e-02
1.539855072463768189e-02
1.775700934579439380e-02
7.511737089201877757e-03
1.470588235294117627e-02
1.450676982591876142e-02
1.640838650865998269e-02
1.073170731707317159e-02
1.073170731707317159e-02
1.301115241635687758e-02
1.231060606060606008e-02
1.147028154327424387e-02
1.635991820040899949e-02
6.523765144454799630e-03
1.754385964912280604e-02
1.519213583556747009e-02
1.392757660167130880e-02
7.992895204262877307e-03
9.140767824497257957e-03
1.328273244781783685e-02
1.040462427745664740e-02
1.205936920222634538e-02
1.484230055658627111e-02
8.960573476702508519e-03
1.278269419862340141e-02
7.774538386783284329e-03
1.415094339622641542e-02
1.559633027522935866e-02
1.086956521739130405e-02
1.545454545454545518e-02
7.339449541284404077e-03
1.651376146788990917e-02
1.637852593266606038e-02
8.272058823529411867e-03
1.355275895450145165e-02
1.416430594900849882e-02
9.100101112234580333e-03
5.385996409335727306e-03
1.092896174863387977e-02
7.414272474513438488e-03
8.984725965858041813e-03
9.259259259259258745e-03
1.699463327370304144e-02
1.275239107332624793e-02
6.410256410256410034e-03
8.130081300813008990e-03
8.294930875576037727e-03
6.422018348623853568e-03
1.436265709156193948e-02
1.282051282051282007e-02
5.633802816901408751e-03
6.796116504854368863e-03
1.103955841766329424e-02
8.976660682226212176e-03
1.210428305400372377e-02
9.191176470588235600e-03
1.617250673854447526e-02
7.476635514018691898e-03
1.323251417769376152e-02
1.328273244781783685e-02
7.028112449799196575e-03
1.624548736462093704e-02
9.225092250922509174e-03
1.171875000000000000e-02
1.429933269780743650e-02
8.466603951081843119e-03
1.082055906221821538e-02
8.395522388059701441e-03
1.013824884792626814e-02
1.347708894878706272e-02
9.909909909909909304e-03
1.208178438661710111e-02
9.803921568627450844e-03
7.789678675754625400e-03
1.201201201201201191e-02
1.440144014401440083e-02
9.469696969696969960e-03
1.169590643274853736e-02
1.159420289855072478e-02
1.500938086303939961e-02
1.347708894878706272e-02
8.093525179856115095e-03
1.267056530214424881e-02
1.131008482563619286e-02
1.196410767696909350e-02
1.135288552507095552e-02
1.916058394160584030e-02
1.698113207547169781e-02
1.344860710854947107e-02
1.367365542388331891e-02
1.320754716981132129e-02
1.016635859519408533e-02
1.189296333002973216e-02
1.034482758620689641e-02
1.356589147286821687e-02
1.314553990610328564e-02
8.525149190110827349e-03
9.765625000000000000e-03
5.791505791505791208e-03
1.174345076784101202e-02
8.287292817679557666e-03
1.227573182247403139e-02
1.212686567164179136e-02
1.600753295668549958e-02
1.106194690265486710e-02
1.272727272727272770e-02
1.423149905123339588e-02
1.145038167938931296e-02
1.679104477611940288e-02
1.009174311926605561e-02
1.283226397800183403e-02
1.473296500920810367e-02
9.242144177449168954e-03
9.635974304068522373e-03
7.400555041628122457e-03
1.488372093023255897e-02
8.064516129032257841e-03
1.242829827915870045e-02
1.028037383177570104e-02
8.563273073263558133e-03
1.363636363636363570e-02
4.784688995215310818e-03
1.637764932562620415e-02
1.092896174863387977e-02
1.066925315227934025e-02
7.407407407407407690e-03
1.186131386861313808e-02
1.284403669724770714e-02
1.082055906221821538e-02
1.188299817184643517e-02
1.639344262295082053e-02
1.418439716312056703e-02
6.944444444444444059e-03
1.671583087512290913e-02
1.348747591522157958e-02
1.328273244781783685e-02
1.003009027081243690e-02
1.163831692032229158e-02
1.202590194264569791e-02
1.220575414123801182e-02
5.747126436781609116e-03
9.551098376313276600e-03
1.302605210420841597e-02
1.132502831257078089e-02
1.361161524500907431e-02
1.208178438661710111e-02
1.332064700285442473e-02
1.299907149489322108e-02
6.261180679785331195e-03
9.981851179673321278e-03
1.517857142857142842e-02
1.308411214953271104e-02
1.529636711281070691e-02
1.314636283961437280e-02
1.212686567164179136e-02
9.661835748792270070e-03
1.182893539581437656e-02
1.400000000000000029e-02
8.628954937679770079e-03
1.171171171171171178e-02
1.587301587301587213e-02
1.329534662867996181e-02
1.855287569573283932e-02
1.088031651829871396e-02
2.070207020702070216e-02
1.447963800904977436e-02
1.269265639165911147e-02
1.440144014401440083e-02
1.297405189620758417e-02
1.418439716312056703e-02
8.712487899322362769e-03
1.439539347408829231e-02
1.289134438305709028e-02
1.646843549862762879e-02
1.484230055658627111e-02
7.648183556405353453e-03
9.881422924901185970e-03
1.011959521619135161e-02
9.478672985781991245e-03
9.250693802035152638e-03
1.428571428571428527e-02
9.363295880149813052e-03
1.145475372279495911e-02
1.562500000000000000e-02
1.190476190476190410e-02
1.075268817204301161e-02
1.476014760147601433e-02
1.866404715127701480e-02
1.808510638297872175e-02
8.703220191470843747e-03
1.223776223776223797e-02
1.315789473684210453e-02
6.357856494096276317e-03
9.652509652509652302e-03
1.672535211267605487e-02
8.522727272727272096e-03
1.160541586073501018e-02
8.152173913043478035e-03
9.337068160597572150e-03
1.013824884792626814e-02
7.428040854224698258e-03
1.135288552507095552e-02
4.926108374384236509e-03
1.362397820163487733e-02
8.403361344537814762e-03
1.425855513307984837e-02
8.403361344537814762e-03
1.231060606060606008e-02
1.131008482563619286e-02
1.441899915182357980e-02
1.414677276746242190e-02
6.317689530685920152e-03
1.070472792149866105e-02
9.469696969696969960e-03
6.375227686703096967e-03
1.195952161913523513e-02
1.057692307692307751e-02
9.581881533101044637e-03
8.802816901408451120e-03
1.076320939334637905e-02
1.482127288578901497e-02
1.317122593718338466e-02
1.712654614652711627e-02
1.257253384912959335e-02
1.065719360568383699e-02
1.071428571428571438e-02
1.021450459652706831e-02
7.386888273314865840e-03
6.329113924050632813e-03
1.395348837209302306e-02
1.470588235294117627e-02
1.317027281279397992e-02
1.574074074074073917e-02
1.357466063348416324e-02
1.111111111111111154e-02
1.290322580645161289e-02
7.319304666056724966e-03
9.661835748792270070e-03
1.516587677725118530e-02
0.000000000000000000e+00
0.000000000000000000e+00
0.000000000000000000e+00
0.000000000000000000e+00
0.000000000000000000e+00
0.000000000000000000e+00
0.000000000000000000e+00
0.000000000000000000e+00
0.000000000000000000e+00
0.000000000000000000e+00
0.000000000000000000e+00
0.000000000000000000e+00
0.000000000000000000e+00
0.000000000000000000e+00
0.000000000000000000e+00
0.000000000000000000e+00
0.000000000000000000e+00
0.000000000000000000e+00
0.000000000000000000e+00
0.000000000000000000e+00
0.000000000000000000e+00
0.000000000000000000e+00
0.000000000000000000e+00
0.000000000000000000e+00
0.000000000000000000e+00
0.000000000000000000e+00
0.000000000000000000e+00
0.000000000000000000e+00
0.000000000000000000e+00
0.000000000000000000e+00
0.000000000000000000e+00
0.000000000000000000e+00
0.000000000000000000e+00
0.000000000000000000e+00
0.000000000000000000e+00
0.000000000000000000e+00
0.000000000000000000e+00
0.000000000000000000e+00
0.000000000000000000e+00
0.000000000000000000e+00
0.000000000000000000e+00
0.000000000000000000e+00
0.000000000000000000e+00
0.000000000000000000e+00
0.000000000000000000e+00
0.000000000000000000e+00
0.000000000000000000e+00
0.000000000000000000e+00
0.000000000000000000e+00
0.000000000000000000e+00
0.000000000000000000e+00
0.000000000000000000e+00
0.000000000000000000e+00
0.000000000000000000e+00
0.000000000000000000e+00
0.000000000000000000e+00
0.000000000000000000e+00
0.000000000000000000e+00
0.000000000000000000e+00
0.000000000000000000e+00
0.000000000000000000e+00
0.000000000000000000e+00
0.000000000000000000e+00
0.000000000000000000e+00
0.000000000000000000e+00
0.000000000000000000e+00
0.000000000000000000e+00
0.000000000000000000e+00
0.000000000000000000e+00
0.000000000000000000e+00
0.000000000000000000e+00
0.000000000000000000e+00
0.000000000000000000e+00
0.000000000000000000e+00
0.000000000000000000e+00
0.000000000000000000e+00
0.000000000000000000e+00
0.000000000000000000e+00
0.000000000000000000e+00
0.000000000000000000e+00
0.000000000000000000e+00
