1.625814458578963770e-02
1.483470810154101892e-02
1.677094755853705821e-02
1.656288117095718049e-02
1.555322220763879701e-02
1.488736532810969702e-02
1.431840470742072602e-02
1.499054943622498901e-02
1.583854898454464116e-02
1.615624188943680373e-02
1.662344570782631897e-02
1.444305216645782458e-02
1.590117616137722706e-02
1.548729911871435903e-02
1.532002651543050778e-02
1.710176847833128067e-02
1.497123430962343099e-02
1.534343170540611138e-02
1.452912429005415347e-02
1.628643017275484620e-02
1.427010349039017738e-02
1.571530618871355353e-02
1.498514403823795332e-02
1.641004862236628697e-02
1.450143018692210545e-02
1.683300066533599537e-02
1.471465500099423430e-02
1.501481725386894991e-02
1.614244145766939240e-02
1.578912156285542170e-02
1.716224306525643631e-02
1.537926235212247819e-02
1.412747894143397305e-02
1.521232522009321672e-02
1.571207950043644608e-02
1.586357326987904159e-02
1.437585376959604581e-02
1.667344448962992942e-02
1.503486345148169652e-02
1.579809898393969361e-02
1.563139931740614372e-02
1.424390243902439075e-02
1.498200850507033083e-02
1.565966331723868052e-02
1.494619370267038713e-02
1.509009009009009035e-02
1.456183884027687121e-02
1.534203242388295849e-02
1.543808059881039869e-02
1.599406127682548306e-02
1.549087982832618102e-02
1.558152476349471301e-02
1.450151057401812688e-02
1.529931925047371688e-02
1.551106986610102136e-02
1.443792464484249492e-02
1.504796950979103709e-02
1.657496561210453773e-02
1.451035972194101437e-02
1.428282692178131121e-02
1.612258494337108494e-02
1.472777124951037998e-02
1.664902998236331491e-02
1.436861011329096383e-02
1.692828562634656961e-02
1.552682891601068864e-02
1.499186761898027055e-02
1.606263076196260894e-02
1.564076690211907081e-02
1.426744733831348047e-02
1.453025477707006394e-02
1.550074133980320831e-02
1.494520092992361257e-02
1.671033066628903330e-02
1.597888008892594039e-02
1.624208114301118819e-02
1.714324434205176731e-02
1.761693410720382297e-02
1.755796810079077869e-02
1.475290697674418519e-02
1.509186351706036724e-02
1.478127704907117659e-02
1.623591782637508196e-02
1.475917506753640293e-02
1.579520697167756046e-02
1.486257210722768951e-02
1.622928176795580130e-02
1.434886093165589974e-02
1.559288397476787935e-02
1.536160957041870535e-02
1.635564521939621152e-02
1.507537688442210991e-02
1.527711173528807295e-02
1.639009793253536421e-02
1.762657768750906795e-02
1.466858592089930781e-02
1.573462298208568727e-02
1.560441084679936238e-02
1.684210526315789436e-02
1.428372352285395795e-02
1.659156083572306539e-02
1.371484266221108250e-02
1.608541912223531919e-02
1.562279089495263729e-02
1.575132422637301466e-02
1.594726770146714934e-02
1.432112365739465765e-02
1.677105080027835662e-02
1.690888764673001768e-02
1.622479977906655588e-02
1.665860233635169801e-02
1.490261315588826442e-02
1.501692047377326499e-02
1.502068064726797686e-02
1.531956190212117007e-02
1.776088458880442297e-02
1.504114393632807224e-02
1.525852878464818707e-02
1.433818335923152908e-02
1.583095529283870193e-02
1.467974458560990063e-02
1.643761789275128074e-02
1.564673157162725994e-02
1.649426894045289207e-02
1.500579769456380878e-02
1.547164667393675051e-02
1.439623276152035038e-02
1.546953795829358012e-02
1.610245656081486093e-02
1.613242617661499526e-02
1.651092531441017419e-02
1.561052106351129738e-02
1.649134713267729965e-02
1.676015870844164632e-02
1.597399903187884593e-02
1.672025723472668826e-02
1.789154968345719673e-02
1.634820997447747684e-02
1.610904584882279916e-02
1.722341829293700874e-02
1.836734693877551186e-02
1.530190239867659265e-02
1.683816651075771900e-02
1.482357853712854001e-02
1.558222783743946037e-02
1.680262148783378748e-02
1.608910891089108952e-02
1.584557764333045099e-02
1.674607623318385627e-02
1.620699459766846914e-02
1.694309408064054862e-02
1.616055321707757231e-02
1.564763836569110431e-02
1.415127715276303690e-02
1.504338091239854416e-02
1.558136116419226759e-02
1.560450182973141010e-02
1.684047350620067676e-02
1.693954213622510599e-02
1.584297230984928195e-02
1.718377088305489409e-02
1.535148652403445398e-02
1.840577658218887219e-02
1.609929078014184570e-02
1.692907900236867783e-02
1.520435207141860798e-02
1.527597636547052898e-02
1.509040333796940123e-02
1.502645502645502673e-02
1.465661641541038569e-02
1.627186982504140109e-02
1.522216127262753654e-02
1.511457825450999472e-02
1.505087620124364103e-02
1.591531038455998998e-02
1.468831260102607290e-02
1.617986972052952444e-02
1.643126835407635392e-02
1.614298068607667933e-02
1.609955005624296928e-02
1.758286176232821268e-02
1.641479937467430969e-02
1.714898177920685940e-02
1.470685657502484277e-02
1.637883771929824622e-02
1.738661634881056781e-02
1.542518127883981544e-02
1.802173613977163177e-02
1.355748373101952307e-02
1.547336274177129288e-02
1.620756352964716762e-02
1.575123905220992757e-02
1.543565093764809500e-02
1.736573069112807080e-02
1.759491101035392732e-02
1.368477821221518106e-02
1.480759863614223085e-02
1.668661550376681138e-02
1.690162785263649853e-02
1.690162785263649853e-02
1.611163543211541205e-02
1.498279003846932599e-02
1.341512741000404525e-02
1.285347043701799523e-02
1.468973091707852750e-02
1.502548966997585209e-02
1.416603198781416634e-02
1.562391016251656571e-02
1.638540718437084265e-02
1.621320715329482853e-02
1.511603150947413328e-02
1.652485760495042699e-02
1.675515410604702313e-02
1.511833274461321132e-02
1.561109209174940150e-02
1.519607843137254881e-02
1.706938594546663843e-02
1.613702314388845704e-02
1.516886090440755508e-02
1.466666666666666639e-02
1.788517987575943824e-02
1.618031512753479936e-02
1.455286839145106779e-02
1.605647449650494940e-02
1.670329670329670502e-02
1.474119530416222006e-02
1.444611803368478671e-02
1.453609681457782715e-02
1.474508497167610795e-02
1.458200608763361023e-02
1.585990417974558059e-02
1.517509727626459130e-02
1.698762035763411171e-02
1.772546795235394046e-02
1.668191736467938488e-02
1.604163695993155586e-02
1.534762005799561457e-02
1.427581427581427545e-02
1.619462081757865393e-02
1.406881181223011527e-02
1.460742544126597715e-02
1.624815361890694088e-02
1.535613902790155562e-02
1.658816301454024006e-02
1.554439315775183253e-02
1.615933859451334012e-02
1.706603510727221912e-02
1.600000000000000033e-02
1.484109172518641856e-02
1.606452924828848453e-02
1.361428473695012673e-02
1.700154559505409613e-02
1.527807524809024139e-02
1.477627471383975016e-02
1.715239829993928447e-02
1.436225628813811613e-02
1.406284333113601466e-02
1.699557553198960749e-02
1.793941086137093230e-02
1.594907738520955423e-02
1.625548442782133451e-02
1.498260313853582402e-02
1.627051499717034611e-02
1.693048864418444585e-02
1.628279173335189095e-02
1.385459533607681822e-02
1.671209295653421426e-02
1.737396753061805701e-02
1.509076328643289312e-02
1.442202636754315662e-02
1.482770623042116258e-02
1.646674710767265237e-02
1.725093529167244163e-02
1.607761607761607620e-02
1.580626450116009302e-02
1.607581607581607536e-02
1.408656302459674464e-02
1.501257210471823762e-02
1.589946538915503610e-02
1.545498648554993401e-02
1.576279425039927781e-02
1.662549242171329489e-02
1.617009564439551503e-02
1.509888707733749239e-02
1.536977048728375463e-02
1.503812482349618784e-02
1.512075603780189091e-02
1.524188204108681277e-02
1.604540358744394740e-02
1.725239616613418597e-02
1.592246452059536271e-02
1.715230419508162810e-02
1.739838602206263476e-02
1.521122865242342456e-02
1.614132317284378351e-02
1.545448383379651597e-02
1.458012056638160678e-02
1.723772518544683732e-02
1.558625575628763693e-02
1.329157436406691595e-02
1.593180071273845450e-02
1.758362524898688176e-02
1.798044711834279052e-02
1.581611134542387082e-02
1.642483611990866801e-02
1.671603893355903467e-02
1.736280594100829758e-02
1.596737402364000954e-02
1.799110864128924611e-02
1.694081259665401393e-02
1.565004962210855832e-02
1.674287724234962971e-02
1.698954489544895335e-02
1.572122002463232499e-02
1.506024096385542160e-02
1.738027748769207723e-02
1.531637674128491153e-02
1.439084219133278907e-02
1.426746166950596320e-02
1.493583900147254714e-02
1.585631095208026378e-02
1.510467893775467238e-02
1.673847023094851214e-02
1.679771265189421159e-02
1.657154644846317929e-02
1.718916264221985804e-02
1.398026315789473693e-02
1.637234574962465050e-02
1.513999308676114777e-02
1.630895227336910322e-02
1.606257420210908601e-02
1.528863293569175837e-02
1.479498379597012775e-02
1.707585196042506540e-02
1.487486781811772976e-02
1.629785739374780412e-02
1.627677564825253526e-02
1.556534508076358285e-02
1.623014767344664253e-02
1.634411543458934649e-02
1.692726036709721327e-02
1.695496979681493724e-02
1.465831670222283480e-02
1.518204058137861620e-02
1.602431275037988559e-02
1.456108722784634629e-02
1.512535396090890216e-02
1.443587946741415641e-02
1.639344262295082053e-02
1.523612547397449127e-02
1.647868756408378543e-02
1.494897225815725213e-02
1.593385945133408629e-02
1.603220566424182550e-02
1.574640720621604817e-02
1.744889965102200749e-02
1.500550660792951581e-02
1.590106007067137658e-02
1.608504091195188390e-02
1.549153033154770584e-02
1.589118577873543936e-02
1.636148436956067626e-02
1.654961407412558136e-02
1.494228454075490452e-02
1.447982432061487718e-02
1.594785744002218814e-02
1.628687264084999198e-02
1.641258068946573404e-02
1.780060507985646925e-02
1.674891580678929126e-02
1.709340064911648097e-02
1.491907107670654466e-02
1.443763645327135643e-02
1.459137144861452108e-02
1.725468191064038689e-02
1.608560579910251961e-02
1.681559136002251306e-02
1.474090032883546876e-02
1.602924634420697242e-02
1.546279491833030782e-02
1.604752799781480541e-02
1.860432462791350786e-02
1.576121068414812823e-02
1.556339489520647441e-02
1.746355890430251537e-02
1.286643760508809041e-02
1.554367201426024893e-02
1.417689377909437179e-02
1.512367491166077653e-02
1.494594790684176076e-02
1.557542543986155208e-02
1.314209001625097142e-02
1.594929655940938856e-02
1.534508600385411405e-02
1.701199563794983730e-02
1.460796303845631264e-02
1.658701152656733360e-02
1.609021522381902033e-02
1.395348837209302306e-02
1.395348837209302306e-02
1.621411947245927215e-02
1.554086292686251806e-02
1.439599415814729784e-02
1.572282299373932782e-02
1.580918041880460465e-02
1.591379433383286954e-02
1.278227524499360966e-02
1.588220696500951268e-02
1.623949728164936906e-02
1.524822695035460939e-02
1.542161856253537050e-02
1.499464476972509758e-02
1.595065929391748308e-02
1.540724140345962542e-02
1.563380281690140983e-02
1.813268861551589270e-02
1.490552834149755021e-02
1.559343944413024187e-02
1.667849538679914978e-02
1.904095204760238025e-02
1.648511256354393689e-02
1.581190705348549386e-02
1.549430961195667061e-02
1.525573792821630428e-02
1.800999794562761075e-02
1.687438734070858398e-02
1.603548277038553335e-02
1.512798000945498808e-02
1.744591765526866747e-02
1.413819391503222736e-02
1.471705935189663444e-02
1.522481502561183822e-02
1.749149718886652480e-02
1.604155526697731426e-02
1.604278074866310327e-02
1.582150101419878274e-02
1.697870082619570842e-02
1.523862298261411709e-02
1.460457426288233607e-02
1.551082310767958050e-02
1.677739749010133397e-02
1.930995314496663368e-02
1.642935377875136965e-02
1.519923319183896955e-02
1.480580788212574293e-02
1.531862745098039151e-02
1.769911504424778736e-02
1.546465222348916702e-02
1.669080626250086380e-02
1.629828086626479086e-02
1.531371853952499112e-02
1.599066639214878974e-02
1.745387190995226906e-02
1.543231140199793384e-02
1.594101123595505556e-02
1.686467294824525384e-02
1.445388168678289446e-02
1.635381114903299363e-02
1.615762203436051439e-02
1.566330700081721566e-02
1.553384886718220045e-02
1.779359430604982376e-02
1.493283795370105825e-02
1.608054254352233800e-02
1.636422553467271543e-02
1.602403605408111997e-02
1.812923250564334177e-02
1.519562593197472215e-02
1.775673276117194568e-02
1.780616078136739236e-02
1.727015456062695048e-02
1.772853185595568010e-02
1.703665462054723689e-02
1.613698823197801460e-02
1.588562351072279541e-02
1.642811816963971050e-02
1.858627250109761569e-02
1.426174496644295325e-02
1.579384871155444653e-02
1.643367043426531907e-02
1.473784297745178024e-02
1.507891770011273933e-02
1.657000828500414247e-02
1.690687361419068724e-02
1.653317657432581272e-02
1.601998824221046586e-02
1.586744365653303471e-02
1.689048871659975040e-02
1.637778081070015088e-02
1.741022850924918430e-02
1.671113607639376428e-02
1.682229667118112504e-02
1.532619951674145733e-02
1.703764770541357429e-02
1.554684331485737397e-02
1.586373272900065690e-02
1.623065333515956790e-02
1.577545584921122637e-02
1.627094972067039125e-02
1.346986461411586906e-02
1.551500239218098556e-02
1.741176470588235228e-02
1.500757262839047187e-02
1.738341245462161552e-02
1.564129301355578899e-02
1.503706812141558311e-02
1.589367678290059746e-02
1.698634015146153337e-02
1.491169610129956628e-02
1.646032639279684795e-02
1.587191571943443250e-02
1.517512363660998564e-02
1.746355890430251537e-02
1.554368666118871589e-02
1.647655259822560295e-02
1.673268679142193849e-02
1.563615593317149721e-02
1.715289982425307475e-02
1.562839157803342857e-02
1.498590774730184857e-02
1.537364291940724291e-02
1.525982952983227954e-02
1.543059706679641291e-02
1.763485477178423216e-02
1.479311084113485268e-02
1.695264241592312968e-02
1.703755215577190674e-02
1.438591468651588892e-02
1.523662947287418232e-02
1.648541940846436071e-02
1.535192927146871410e-02
1.654813041335117391e-02
1.525054466230936837e-02
1.674277016742770074e-02
1.739068202962856802e-02
1.658287686651159151e-02
1.553092501368363507e-02
1.757555847568988139e-02
1.826287029048030003e-02
1.844837261503928100e-02
1.653750345972875707e-02
1.624161073825503357e-02
1.786344700981430320e-02
1.622962913285493775e-02
1.581388810795614219e-02
1.599176389842141277e-02
1.753667690208120244e-02
1.798585844717512025e-02
1.566364385820280189e-02
1.658260208664409652e-02
1.569890998834578763e-02
1.660875608061153710e-02
1.738821859474804984e-02
1.518900343642611700e-02
1.688347633545530038e-02
1.743308167467398639e-02
1.674624593453740221e-02
1.812109152927799879e-02
1.687051876845212933e-02
1.498883043885566001e-02
1.858060910868957957e-02
1.602063675242685475e-02
1.486317544103347640e-02
1.551601423487544533e-02
1.467723984418475153e-02
1.666434249058708697e-02
1.486363317675103331e-02
1.615486386741870478e-02
1.568272112636788160e-02
1.645516664342490734e-02
1.684377936817754717e-02
1.802176474665557679e-02
1.562281070477791745e-02
1.757716374885748278e-02
1.705609096581848366e-02
1.410947772770924057e-02
1.615646258503401420e-02
1.549514016058599862e-02
1.559730591988656503e-02
1.546873875818404256e-02
1.686960070743486959e-02
1.628733997155049767e-02
1.660585300469134135e-02
1.484958067246287643e-02
1.775276033773543968e-02
1.684961196951688389e-02
1.648312611012433399e-02
1.720663463028987775e-02
1.605034292582903366e-02
1.442273534635879137e-02
1.557031640597100232e-02
1.679091479133282272e-02
1.720093823299452540e-02
1.707821972497412452e-02
1.594596476568484189e-02
1.661653058301102923e-02
1.767552781089990963e-02
1.715205824698963835e-02
1.581848113950325846e-02
1.581848113950325846e-02
1.608357962746580563e-02
1.742579868243961105e-02
1.739315632542950615e-02
1.701701701701701860e-02
1.835384505940100899e-02
1.715410573678290140e-02
1.603175814947705932e-02
1.712062256809338684e-02
1.653306613226452823e-02
1.853581435447948858e-02
1.541070638548886623e-02
1.668062534896705765e-02
1.714653139958562458e-02
1.774182102050954682e-02
1.765661416766720754e-02
1.541946799181525933e-02
1.832776870071748179e-02
1.648159787694671377e-02
1.801430143014301488e-02
1.629556788649294194e-02
1.787487586891757865e-02
1.762510367708045381e-02
1.819732726755757604e-02
1.578020429728777679e-02
1.590974833670812799e-02
1.681034482758620580e-02
1.682321603813262401e-02
1.626875132051552875e-02
1.651172471208547238e-02
1.829742140586365293e-02
1.664325842696629323e-02
1.773475588214512913e-02
1.730405700159953417e-02
1.788833764237299923e-02
1.713001965739960678e-02
1.678623667897193028e-02
1.534242514082419240e-02
1.613751973338010959e-02
1.484536082474226769e-02
1.649585848659272658e-02
1.569461993748753198e-02
1.624701083134055465e-02
1.602855742983131521e-02
1.841957255343082064e-02
1.657690424564594103e-02
1.770998988000578242e-02
1.771778105884834476e-02
1.913400892920416596e-02
1.580722214416186572e-02
1.686881360658023035e-02
1.509486220745049137e-02
1.772736534673639841e-02
1.706437291897891159e-02
1.656920077972709460e-02
1.695400243221975925e-02
1.544646635632670323e-02
1.829524744146922635e-02
1.619405059772032265e-02
1.613926280921840900e-02
1.598806224685568253e-02
1.575294934073560166e-02
1.629946819531735702e-02
1.617493925720235939e-02
1.693491952414275664e-02
1.721872622916810827e-02
1.700341491178144690e-02
1.880638445523941799e-02
1.671839729119638934e-02
1.676390222287866411e-02
1.806103383848868538e-02
1.879594950755999333e-02
1.697605410254640970e-02
1.807395143487858583e-02
1.733161150003398321e-02
1.837922225376099894e-02
1.932132963988919538e-02
1.572729860518075687e-02
1.650858011729780528e-02
1.546355521192099500e-02
1.704208654416123139e-02
1.501077005923532638e-02
1.646324155549247839e-02
1.573018271740623739e-02
1.725347173516622243e-02
1.625786385806177875e-02
1.639573991031390010e-02
1.756682281620280950e-02
1.718285956724650149e-02
1.661199134501291363e-02
1.597034079566519299e-02
1.624510153188457595e-02
1.622223769407505484e-02
1.734023213536568450e-02
1.891169853768278827e-02
1.634555192321068481e-02
1.775648252536640367e-02
1.486374896779520983e-02
1.543727298127968786e-02
1.790048543689320287e-02
1.879079107796026785e-02
1.601976005645730505e-02
1.777413180202351561e-02
1.682062594788363494e-02
1.773648648648648574e-02
1.879914224446032830e-02
1.628359391887023583e-02
1.769849104498660147e-02
1.810711052301692409e-02
1.649613698058049679e-02
1.620193310618176646e-02
1.643160345063672534e-02
1.560214529497805890e-02
1.795952200041445179e-02
1.525623735670937273e-02
1.678483576906381058e-02
1.615055122533529813e-02
1.728070781779221521e-02
1.518602885345482142e-02
1.543762922122673964e-02
1.857382183698740030e-02
1.685844260101685907e-02
1.626905461754050292e-02
1.722599684304440201e-02
1.565364546608376956e-02
1.579056721379596892e-02
1.652042774883465820e-02
1.739850869925434890e-02
1.686149486362026328e-02
1.737007324729682514e-02
1.600437726557691134e-02
1.891252955082742271e-02
1.533043298114771143e-02
1.715109660772558275e-02
1.675453166750920722e-02
1.624890702419119759e-02
1.640723601177955515e-02
1.685910604236027371e-02
1.692907900236867783e-02
1.849396329122757893e-02
1.599666156628181887e-02
1.500304115699128277e-02
1.669022141463086251e-02
1.767194323144104934e-02
1.617830856825440769e-02
1.603728325680213798e-02
1.769160002830656025e-02
1.702279202279202361e-02
1.845566397963513058e-02
1.621805792163543564e-02
1.537475976937860422e-02
1.572150477259966206e-02
1.719080428405757657e-02
1.601047958663852702e-02
1.774238614138027442e-02
1.670130070037712661e-02
1.628386546256133105e-02
1.669426048565121265e-02
1.591439154890931379e-02
1.846002667228188385e-02
1.625392396232996223e-02
1.692969870875179333e-02
1.541084214115240325e-02
1.836439920214595276e-02
1.651527663088356648e-02
1.740704637237153532e-02
1.719513033908796895e-02
1.382747245034042331e-02
1.573756732181576592e-02
1.520435207141860798e-02
1.561840439003799041e-02
1.665733482642777277e-02
1.604278074866310327e-02
1.891724564903349975e-02
1.450403282864015826e-02
1.518013291360615670e-02
1.682930278602743496e-02
1.655812664542053586e-02
1.705101327742837222e-02
1.762052438680575261e-02
1.829310704597621184e-02
1.447797716150081571e-02
1.712025100607052555e-02
1.584022038567493157e-02
1.689516687439412967e-02
1.273482023499613106e-02
1.692161906051170908e-02
1.730080421707102731e-02
1.632201397053738290e-02
1.733342577827081885e-02
1.623192514885171689e-02
1.655629139072847811e-02
1.905626134301270300e-02
1.675429372590256025e-02
1.522550991094513001e-02
1.608729104007833657e-02
1.646843549862762879e-02
1.737536656891495654e-02
1.689261125700901311e-02
1.865456640737539473e-02
1.865456640737539473e-02
1.837420461857439125e-02
1.651300399064263222e-02
1.647887323943662136e-02
1.744227607405818975e-02
1.630816814283705951e-02
1.800544350617628436e-02
1.529305930385440465e-02
1.729957805907172963e-02
1.632970451010886531e-02
1.605014810222497867e-02
1.752786931220640804e-02
1.618167928328356070e-02
1.722274266772357010e-02
1.797032806296579993e-02
1.711252357337431085e-02
1.531238714337305844e-02
1.438594004677202186e-02
1.633919338159255455e-02
1.511556971463431237e-02
1.676906396819660347e-02
1.576143258842681652e-02
1.693647122840429703e-02
1.583509658043819393e-02
1.409317917493329610e-02
1.645251206744170400e-02
1.771258562236214043e-02
1.712952839128216442e-02
1.709464416727806205e-02
1.640619475284633283e-02
1.658750974693414676e-02
1.450083658672615683e-02
1.810210719841606405e-02
1.656471235136435655e-02
1.664876476906551953e-02
1.443158611300204147e-02
1.873552733141533796e-02
1.665459811730629971e-02
1.569335462815082266e-02
1.707674078204502593e-02
1.631244077433328943e-02
1.659284257892146633e-02
1.640807359604558660e-02
1.723543605653223010e-02
1.472435450104675470e-02
1.741413862207173008e-02
1.648464867092520186e-02
1.396489903755425595e-02
1.746575342465753536e-02
1.766417290108063254e-02
1.740034662045060812e-02
1.633726490277334978e-02
1.788180562622664754e-02
1.650757195148209316e-02
1.703062766103557307e-02
1.626596275950631387e-02
1.769666804921885689e-02
1.560919207978031520e-02
1.549789621318372994e-02
1.625898236190752646e-02
1.688832594469073106e-02
1.804577464788732419e-02
1.600898750175537219e-02
1.717369970559371947e-02
1.751388295600170980e-02
1.845752710306024572e-02
1.611485496630530451e-02
1.666313634117065623e-02
1.920079353833073488e-02
1.858839972047519190e-02
1.743980795029301603e-02
1.533956212522660789e-02
1.473577235772357760e-02
1.541269519367268262e-02
1.615969581749049366e-02
1.730343300110741972e-02
1.779481212784888092e-02
1.428771536629780056e-02
1.733248784612132637e-02
1.579132886852308709e-02
1.584943041109460049e-02
1.581585822212808190e-02
1.510872634848912759e-02
1.654912366454856440e-02
1.661819692563356807e-02
1.671763506625892001e-02
1.620689655172413701e-02
1.742755604155276153e-02
1.659901420701652766e-02
1.719157331078700890e-02
1.479094969612652910e-02
1.459251101321585968e-02
1.628306423909309589e-02
1.626883584477930439e-02
1.813297515110812511e-02
1.934904291341303303e-02
1.622801036410746051e-02
1.493603944829557592e-02
1.660253669659398496e-02
1.691611555864949365e-02
1.501091703056768589e-02
1.657610564688080310e-02
1.633439437091640037e-02
1.579240294977041908e-02
1.805931791345419257e-02
1.677727238833793058e-02
1.622874806800618172e-02
1.864960522733460219e-02
1.498809357052808579e-02
1.641160584447060380e-02
1.625456298643157202e-02
1.622408652846148505e-02
1.667024397224010912e-02
1.694333927836465942e-02
1.639936425372056153e-02
1.692276450280917957e-02
1.507300989166274197e-02
1.673550776242700364e-02
1.727151947416264571e-02
1.465786731503994529e-02
1.548225120301276181e-02
1.564988574198462878e-02
1.688907422852376980e-02
1.596608972094666276e-02
1.662280094195871943e-02
1.667585446527012141e-02
1.756489841986455872e-02
1.753165437595658946e-02
1.603786915359615636e-02
1.349387585634212114e-02
1.918665276329509922e-02
1.629055007052186005e-02
1.652599475140080834e-02
1.585580701992139740e-02
1.620788962561114585e-02
1.559035011087964509e-02
1.457964300313394253e-02
1.738869734672462974e-02
1.632201397053738290e-02
1.533624722030519152e-02
1.603798942747065512e-02
1.715686274509804071e-02
1.767876392382321249e-02
1.550986034107656661e-02
1.597711574687783395e-02
1.629567991124055218e-02
1.755485893416927970e-02
1.640016400164001631e-02
1.648730684326710910e-02
1.772637054274176990e-02
1.605551398054289383e-02
1.825020897185845523e-02
1.775956284153005355e-02
1.664279380669804118e-02
1.813874788494077711e-02
1.727498823687571503e-02
1.476537216828478945e-02
1.725752508361204016e-02
1.680161943319838022e-02
1.742398360095661139e-02
1.920911905432029151e-02
1.780374156756380985e-02
1.639906683134348744e-02
1.591836734693877556e-02
1.717676452217364175e-02
1.791449575333666291e-02
1.889011901466924881e-02
1.670084969235276912e-02
1.565108514190317185e-02
1.939115929941618091e-02
1.777964440711185881e-02
1.956327064820555239e-02
1.540251916757940862e-02
1.644021739130434659e-02
1.668456264970678143e-02
1.641362330734509600e-02
1.569186875891583413e-02
1.628065395095367948e-02
1.609478802821724674e-02
1.773773491940592792e-02
1.816165257174546036e-02
1.762297925483938266e-02
1.566687280972995158e-02
1.596088863325904189e-02
1.554867561059511578e-02
1.695613372691700399e-02
1.772223398997387414e-02
1.724744808166138801e-02
1.821787996767795445e-02
1.755757748080750621e-02
1.704055220017256303e-02
1.858143243430631503e-02
1.667473880855185886e-02
1.634956232366345866e-02
1.728195322841594508e-02
1.654010976618299281e-02
1.714913887871015105e-02
1.620008526360664988e-02
1.786576533075808632e-02
1.624193000339789472e-02
1.624193000339789472e-02
1.774777282850779556e-02
1.719849335512756844e-02
1.883679362023923942e-02
1.862197392923650024e-02
1.551070170685451069e-02
1.641568308234974891e-02
1.786318424791934548e-02
1.824792943236145867e-02
1.677759290072101950e-02
1.942849512618506982e-02
1.830215438643884723e-02
1.606017483228298556e-02
1.653171390013495265e-02
1.613609813084112068e-02
1.741926839072759081e-02
1.785229432527830548e-02
1.779209862706640499e-02
1.883026149444407341e-02
1.727242414138046092e-02
1.725969198088157103e-02
1.637598189322327091e-02
1.658274588788184040e-02
1.600547195622434998e-02
1.682626538987688075e-02
1.785590698318222785e-02
1.907015590200445559e-02
2.046141170008239363e-02
1.787663755458515288e-02
1.791044776119403090e-02
1.538985359210078355e-02
1.666900126068076790e-02
1.640255768696135749e-02
1.757305464953737642e-02
1.622398685651697814e-02
1.766513056835637349e-02
1.656730902537085701e-02
1.641654336644824894e-02
1.702753836451545086e-02
1.751397028758348157e-02
1.878317680685994209e-02
1.722158438576348871e-02
1.742208648573610047e-02
1.672218068112297021e-02
1.614362257323776959e-02
1.685199254092133517e-02
1.638076490438695326e-02
1.572830398775141095e-02
1.955384191682732128e-02
1.738773274917853121e-02
1.623843782117163556e-02
1.850713651574131119e-02
1.794125796619562216e-02
1.705859676175790207e-02
1.773385677541627209e-02
1.518707717796493120e-02
1.760563380281690224e-02
1.743478848493039760e-02
2.029788708001385375e-02
1.747689835275210990e-02
1.919036279590979194e-02
1.877738368453995416e-02
1.635753884059954963e-02
1.605488850771869674e-02
1.829393627954779139e-02
1.735554471318045619e-02
1.605346561940195621e-02
1.872711912137426174e-02
1.895213898235253644e-02
1.541850220264317194e-02
1.760731590800518678e-02
1.644370122630992026e-02
1.565964523281596424e-02
1.725955204216073763e-02
1.842743332178732249e-02
1.526874358096542289e-02
1.768763231578228401e-02
1.705981465880370557e-02
1.630671111755326724e-02
1.837490393348703913e-02
1.906472335428610956e-02
1.950576148826877604e-02
1.830856981902682923e-02
1.608893799199005714e-02
1.961911606180380754e-02
1.730755809896014977e-02
2.111707249965607408e-02
1.429689167081584812e-02
1.808006887645286290e-02
1.684631308444571249e-02
1.794132132554703343e-02
1.709897116359947872e-02
1.778220357066647578e-02
1.587528604118993228e-02
1.906400057335340056e-02
1.658421015957076139e-02
1.744144657222182829e-02
1.938094561976430596e-02
1.813370690326095505e-02
1.701270745087146707e-02
1.590388221404264238e-02
1.534219457013574588e-02
1.762523191094619510e-02
1.924505870114430126e-02
1.897799957826667647e-02
2.008598209880893548e-02
1.698809440924597958e-02
1.899900751453282438e-02
2.055078881815665739e-02
1.980679685871151660e-02
1.869743518454159911e-02
1.953756412959449171e-02
1.680846648682299271e-02
1.775422325273269195e-02
1.746607550718796281e-02
1.802993386703793943e-02
1.651662295314382939e-02
1.789019123997532407e-02
1.903632940520186972e-02
1.797986810135369581e-02
1.606174384647476167e-02
1.848880206516430660e-02
1.687296867436553424e-02
1.784469538547330328e-02
1.693973896139961202e-02
1.642424664207669388e-02
1.734143982313113286e-02
1.894659839063643145e-02
1.672498250524842578e-02
1.815671384190541832e-02
1.921565826130437749e-02
1.700656757690978058e-02
1.923343980002777467e-02
1.905082463816896651e-02
1.719631311046911429e-02
1.657030038076435022e-02
1.657150814649770154e-02
1.637322737548811344e-02
1.546936311500150991e-02
1.802536903790519923e-02
1.851851851851851749e-02
1.831476323119777053e-02
1.833904875503205439e-02
1.769041769041769172e-02
1.548307184145334379e-02
1.511092794834810113e-02
1.925732699094675343e-02
1.587072572500360795e-02
1.664254703328509402e-02
1.741071428571428631e-02
1.728752260397830101e-02
1.923076923076923184e-02
1.895669018956690210e-02
1.874817624744674546e-02
1.864227928244811816e-02
1.725536464862473252e-02
1.484396575531621125e-02
1.921498905908096411e-02
1.640587302681464216e-02
1.826355717898285949e-02
1.749875008927933781e-02
1.787453053275838213e-02
2.032070776886922905e-02
1.725804224768742387e-02
1.709162230316615266e-02
1.778829895164017738e-02
1.838632922344797874e-02
2.026255707762556965e-02
1.720855859285768535e-02
1.893693107932379813e-02
1.895140476366049750e-02
1.948469060024266702e-02
1.864883884588318039e-02
1.993739793140990660e-02
1.818936302648869324e-02
1.891453172418660483e-02
1.762269184862739688e-02
1.694915254237288130e-02
1.773775412743894275e-02
1.834163898117386476e-02
1.853309481216457860e-02
1.752526323228040250e-02
1.722426991777714633e-02
1.817909777811027236e-02
1.897533206831119451e-02
1.767356710322489852e-02
1.716799091940976116e-02
1.797688685975174644e-02
1.758425790244923584e-02
1.957653592502603401e-02
2.012821396567174639e-02
1.923337396722199499e-02
1.784243755146857138e-02
1.881188118811881124e-02
1.921640524207238535e-02
2.067501882658999077e-02
1.846406346166997239e-02
1.695031098352812668e-02
1.921154120839880033e-02
1.759471484427666335e-02
1.759471484427666335e-02
1.792332053096152428e-02
2.123156744948115696e-02
1.917003305178112404e-02
2.019987242185838916e-02
1.744625317672917134e-02
1.952455984106323331e-02
1.991758241758241621e-02
2.006365020063650279e-02
1.833568406205923762e-02
1.939266386049308399e-02
1.925118550498973805e-02
1.882258710452543171e-02
1.894667108314011111e-02
1.903114186851211087e-02
1.910149750415973333e-02
2.139685102947113532e-02
1.894636407006065545e-02
1.942880681038033908e-02
1.910104855406398114e-02
1.868971061093247649e-02
2.168674698795180697e-02
1.791797247581414232e-02
1.919912232583653386e-02
1.919191919191919060e-02
1.751941071073064016e-02
1.926897099721891146e-02
1.666106818945246870e-02
2.074324324324324301e-02
1.902923331494760228e-02
1.736135032724767449e-02
2.048900423439420707e-02
1.947871897962013057e-02
1.904761904761904934e-02
1.848416134130419913e-02
2.189682055453867626e-02
1.773533424283765467e-02
1.897545929998659120e-02
1.989778534923338990e-02
1.875437368789363221e-02
1.979993101069334183e-02
1.992790586955043089e-02
2.138857027191147855e-02
2.019675063347741925e-02
1.893913401495917262e-02
1.828311362209667293e-02
1.881242304008756347e-02
1.959942775393419198e-02
1.823082925445130079e-02
1.875732708089097173e-02
1.989345201969114699e-02
1.857370573151292600e-02
1.922032056506384201e-02
1.885123179529059334e-02
1.924546654623775568e-02
1.849092386887022516e-02
1.806194629489732764e-02
1.773958838611322877e-02
1.952638138761944239e-02
2.050924311126613164e-02
1.964004653390816549e-02
2.176616915422885726e-02
1.830055978182862017e-02
1.793628808864266080e-02
1.906983125257236816e-02
2.102459878057327120e-02
2.066717525487204304e-02
1.958910654562828410e-02
2.161246612466124692e-02
1.946865335957267268e-02
1.848255541418335202e-02
1.716680183833468529e-02
2.099825573594525652e-02
2.129686330543648434e-02
2.093148472203526858e-02
2.044131582509814415e-02
1.852250699978462076e-02
1.839842097842943683e-02
1.906400550584996453e-02
1.806966618287373164e-02
2.112234227953991086e-02
1.925474442443551870e-02
2.149654275347436319e-02
1.920154717502417507e-02
2.104656191437220825e-02
1.755371436595983686e-02
1.922799942388016617e-02
1.719802060517562972e-02
2.051172098341909680e-02
2.015041861785156832e-02
1.920183420505839483e-02
2.018891051986444751e-02
1.935764518233886594e-02
1.854121973643885896e-02
2.073780028745465798e-02
1.993103448275862152e-02
2.114089150064497533e-02
1.808710750976703918e-02
2.045872858558686266e-02
2.159468438538205901e-02
1.976480589402096824e-02
2.070052288518014344e-02
1.969128678592036927e-02
2.125406016099420925e-02
1.888430649012372634e-02
1.923747124834460087e-02
1.807100843313726862e-02
2.184803785137767740e-02
1.820972580757692152e-02
2.121040723981900550e-02
2.006949861711935373e-02
2.032758116408306392e-02
2.161497867418491967e-02
1.877432649011676752e-02
1.977202364199268092e-02
1.881188118811881124e-02
1.750986724076067369e-02
2.110001406667604343e-02
1.995046780407264825e-02
1.862294108918237032e-02
1.998662604948361551e-02
2.095285607383387538e-02
1.914937903281759696e-02
1.999574558604552341e-02
1.897598675131106916e-02
2.047683826161666651e-02
2.078655754327515121e-02
2.063592335228469146e-02
1.869352279782023757e-02
1.792814788978025833e-02
1.995296800399059406e-02
2.217357531247793334e-02
1.859678782755705764e-02
1.947068580082209413e-02
1.954488342873098028e-02
2.257994027241605473e-02
1.919594349873234365e-02
1.734345615379257605e-02
1.961871750433275691e-02
1.966768396066463295e-02
2.113856695094394611e-02
2.148219727941723042e-02
1.848814671239003976e-02
2.057677318784099929e-02
1.831026528258362235e-02
2.213438735177865671e-02
1.968019680196802026e-02
1.971810414080187035e-02
1.935805280762934941e-02
1.950292191790466839e-02
1.942618051404662247e-02
2.115605278255880753e-02
2.104591836734693786e-02
2.072313600463734570e-02
2.152792339414272629e-02
2.070232459549212201e-02
1.907165895386341362e-02
2.006074733347460587e-02
2.220360284876413820e-02
2.174374955733408832e-02
2.130453815847074134e-02
2.242384008261414860e-02
2.027073932662270053e-02
1.905291704332104721e-02
2.013517319065052241e-02
2.014717439451311001e-02
2.008881370268555608e-02
2.161810425854963566e-02
2.117406542056074828e-02
2.116664306951720337e-02
2.029173887926054298e-02
2.044570215776441574e-02
1.905444126074498645e-02
1.830976292956206994e-02
1.979503018391127328e-02
2.089864158829676105e-02
2.049010106603904244e-02
2.171695088179565608e-02
2.100987464108130739e-02
2.013375571981696616e-02
2.095319269834505435e-02
2.002002002002001985e-02
1.794908466819222087e-02
1.840149989584056664e-02
2.078427357428073996e-02
1.896388868705950817e-02
2.235816764984342037e-02
1.877108080363689563e-02
2.242977428712941354e-02
2.148421484214842192e-02
2.150377062644664994e-02
1.995048784039609585e-02
1.973733026637975937e-02
1.974291598608053297e-02
2.043900683699172507e-02
1.970188902007083756e-02
2.095196379033435405e-02
1.937706329840677491e-02
1.890399320305862288e-02
2.109583123335013327e-02
2.109583123335013327e-02
1.789050150883747525e-02
2.166402763782927787e-02
2.039193000216935406e-02
1.934826883910386805e-02
2.085739030023094770e-02
1.896589024302300364e-02
2.035378580415957497e-02
2.166396161174229118e-02
2.189781021897810320e-02
2.031195840554592819e-02
1.882012305465074337e-02
2.016888826854630612e-02
2.005770990217467867e-02
2.134957300853982873e-02
2.124333925399644885e-02
2.208588957055214810e-02
1.930257132793236977e-02
2.108612015389168398e-02
2.398339060710194884e-02
2.357689039932030564e-02
1.989979535671441632e-02
2.129159616469260968e-02
2.162491433792735826e-02
1.993355481727574624e-02
2.112777617536775246e-02
2.136688505062537061e-02
1.862873927494782325e-02
2.105948762483716985e-02
2.110646880852903168e-02
1.935714285714285748e-02
2.010327022375215170e-02
2.263346175013758801e-02
2.120267260579064561e-02
1.794408123522047566e-02
2.206291759465478855e-02
2.088052095130237679e-02
2.057958840823183658e-02
2.210445575622341577e-02
2.050638208830299347e-02
1.922803019512889927e-02
2.037425041543241069e-02
2.009877898202771379e-02
2.115399196299946882e-02
1.942355889724310669e-02
2.092541436464088328e-02
2.096149464570517054e-02
2.058868384932133547e-02
2.097284568400912402e-02
2.051032468886880220e-02
1.798454221165279518e-02
1.969573485465906174e-02
2.212389380530973421e-02
1.962504986039090640e-02
2.081402808468173216e-02
1.798983183418068066e-02
2.099676972773419428e-02
1.947139041192183159e-02
2.034924658498802816e-02
1.951287990454130677e-02
2.192509524836460527e-02
2.102312543798177946e-02
2.056962025316455556e-02
1.907567150571568698e-02
2.089365365052038570e-02
1.977121875441321952e-02
2.039793873461208037e-02
2.029559437097800886e-02
2.041388986320589322e-02
2.029319940274195572e-02
1.957908630930556629e-02
2.095019260660944613e-02
2.152374444824051852e-02
2.154226125137211761e-02
2.300592368094778878e-02
1.956446595229865276e-02
1.905104241552839708e-02
2.066425697333424197e-02
2.032122905027932899e-02
2.122347066167290866e-02
2.141578295000688692e-02
2.138854721880552312e-02
1.841974255031647925e-02
1.872975637234192484e-02
2.064316809436876968e-02
2.020710484682870789e-02
2.103500982604265129e-02
2.115065328809644096e-02
2.102936983176504140e-02
1.749395534063433524e-02
1.902005375232582174e-02
2.208782540099921143e-02
2.182564357666956847e-02
2.107292001284934158e-02
2.182375087741688507e-02
2.084967320261437926e-02
2.175403602817428325e-02
2.134845781289829159e-02
2.059025394646533946e-02
2.142948800205312504e-02
1.980073939469891714e-02
2.015543059328994691e-02
1.726494496798791287e-02
1.927386822052891066e-02
2.057291666666666644e-02
2.206497266001929830e-02
2.227691530985737717e-02
2.170138888888888812e-02
2.124254328531936450e-02
2.172188663127707503e-02
2.076059850374064805e-02
1.985615048871949492e-02
2.106261859582542542e-02
2.017867183107390633e-02
2.233655414732086883e-02
1.878234204305883823e-02
2.058308308308308410e-02
1.935123736277367598e-02
1.896915117838666315e-02
2.168885555347209101e-02
2.026945017599223256e-02
2.106045589692765244e-02
2.161436072780559270e-02
2.177636408123317935e-02
1.971115105684001848e-02
2.262937572043923970e-02
1.979299073905937956e-02
2.135488930445798503e-02
2.119860712322072308e-02
1.953797001720324403e-02
2.006361634450697443e-02
2.312348668280871794e-02
2.161135189693047520e-02
2.135231316725978712e-02
2.114190891770634934e-02
2.024213695471142188e-02
1.960293104528089067e-02
2.027287939245720275e-02
2.342177493138151989e-02
1.956852020662412650e-02
2.048026827953769793e-02
1.980021405636817750e-02
2.158574503707247003e-02
2.046433700335088465e-02
2.201987740284473000e-02
1.912502988285919026e-02
2.234777150031387258e-02
1.871756856931059906e-02
2.219496524735704857e-02
1.996303142329020411e-02
1.967410983705491709e-02
2.238499853501318623e-02
2.112251056125527895e-02
2.011834319526627224e-02
2.196059293600927109e-02
2.037227914872976470e-02
2.077587791873506187e-02
1.993585309100056463e-02
1.937103910080114830e-02
2.215693475333578230e-02
2.067276094879608173e-02
2.120247462310048681e-02
2.120928052495898650e-02
2.205404127002897133e-02
2.218728162124388587e-02
2.192341420637240745e-02
2.129067179888133668e-02
2.053182727379691819e-02
2.000000000000000042e-02
2.200704225352112520e-02
2.199500653905599873e-02
2.141477970861857191e-02
2.169855342977134935e-02
2.033346888979259762e-02
2.141592920353982410e-02
2.161759224748415961e-02
2.259945307259687494e-02
2.067062376340726704e-02
2.117041395251103089e-02
2.250066648893628285e-02
1.945545863071636294e-02
1.910893638938964550e-02
2.008179530201342419e-02
2.149981911209881622e-02
2.056847545219638376e-02
2.015193078708588451e-02
2.214403973509933635e-02
1.975231227465119865e-02
1.884111362559865235e-02
2.130565419284348450e-02
1.955101180438448619e-02
2.073373519018914882e-02
2.006793833289783127e-02
2.106726553309806391e-02
1.901180403217382284e-02
2.027508356622280752e-02
2.018115366279993675e-02
2.103441040704993534e-02
2.158020936896894518e-02
2.098707280054430344e-02
2.098707280054430344e-02
1.936883425442900708e-02
2.000930665425779478e-02
1.877934272300469526e-02
1.907798452853857324e-02
1.910398172662617494e-02
1.790041859440405503e-02
1.961773443192646113e-02
1.934546183531298674e-02
1.992971887550200674e-02
1.854331925414649113e-02
1.903007980356046652e-02
1.944644510752134917e-02
1.906582618580138569e-02
2.044619286712562670e-02
1.909090909090909241e-02
2.117830262133402544e-02
1.827085088458298145e-02
1.925195404710696237e-02
1.991079961771264825e-02
2.006813584584265023e-02
1.874707077019215767e-02
1.848167539267015630e-02
2.009919081179848549e-02
2.015706806282722627e-02
2.035257233900395618e-02
1.819599688068624863e-02
1.948712730233031348e-02
1.762547164935131944e-02
1.976551151691222086e-02
2.067602493285359416e-02
2.021031033598358687e-02
1.914718665570304401e-02
1.697327499868219944e-02
2.027616652122581076e-02
1.920805300190026044e-02
2.090318524727577398e-02
1.871901244561368152e-02
1.914969269060801463e-02
1.988328254919175669e-02
1.898931202656428327e-02
2.073921971252566665e-02
1.888837281312896743e-02
2.164592701035239833e-02
1.882291936738397786e-02
2.045918367346938674e-02
1.959680720425705999e-02
2.018601446779193925e-02
2.029146847485072472e-02
1.933198380566801544e-02
1.899791231732776697e-02
1.924507712911065899e-02
2.045340050377833854e-02
1.911311118976588910e-02
2.119849025386484620e-02
1.992195522694598445e-02
2.075858534085084708e-02
1.895306859205776046e-02
2.029784886927744197e-02
2.041341011929247162e-02
1.942045280318904429e-02
1.871176682259805685e-02
2.038203513084447041e-02
2.034824863332658496e-02
1.942394423944239501e-02
1.928137651821862364e-02
2.110471574270423104e-02
1.809402795425667232e-02
2.050251256281407017e-02
1.768233304289887689e-02
1.991810323037257816e-02
1.916532330288375427e-02
1.801986280331729223e-02
1.988910931380029334e-02
1.776125567947129183e-02
1.976244629770027711e-02
1.981257003157787383e-02
1.731826195167478905e-02
1.806377297240693153e-02
1.828367710720651962e-02
1.893839760113630311e-02
2.120291939694209093e-02
1.853070730595919244e-02
1.782085352508988585e-02
2.127549703072553408e-02
1.893742866037148587e-02
1.860030134566426074e-02
1.919566011162693667e-02
2.157440538833929611e-02
1.962782216978602515e-02
1.878838347038617670e-02
2.037489812550937265e-02
1.952344350499615744e-02
1.968209942393855244e-02
2.031821113738980708e-02
1.928431473651644884e-02
1.953545608367943456e-02
1.902964134482934555e-02
1.813898704358068298e-02
1.903329530131728925e-02
1.972006868203340577e-02
1.986789683371776097e-02
1.920874544508068688e-02
1.977750309023485614e-02
1.899261109376626164e-02
1.706305454927285054e-02
1.806582399236823441e-02
1.843147610245576828e-02
1.836757481018311614e-02
1.988927619438179278e-02
1.942205004711548486e-02
1.972140396425183656e-02
1.914602643975079829e-02
2.026337006181134007e-02
1.921474692772339246e-02
1.723861020397237515e-02
1.773106979250875861e-02
1.920481677566697812e-02
1.979100696643445317e-02
1.986337362059905493e-02
1.894135962636222040e-02
2.065862139496829619e-02
1.830058582611851156e-02
1.806189751395230816e-02
2.041234998461380692e-02
1.827556574047550786e-02
1.989694403346767976e-02
2.008462321246853519e-02
1.831348061079918210e-02
2.016395946840470604e-02
1.972049689440993903e-02
1.668707899571341205e-02
1.973916108565386060e-02
1.858380338436744703e-02
1.847447314563858620e-02
2.098354134553229514e-02
1.929851432072293010e-02
1.772324471710974916e-02
1.809111066317274641e-02
1.833106712997935317e-02
2.040500051658229036e-02
1.889194418983603310e-02
1.826390313974964041e-02
2.162107803700723946e-02
2.039862971037060060e-02
1.912358746228971784e-02
1.960003979703512159e-02
1.864440667799660209e-02
1.796287004515805322e-02
1.851203282133386668e-02
1.761071060762101070e-02
1.848121663813072704e-02
1.995968733100634065e-02
2.032053522392530953e-02
2.119912210694333693e-02
1.887351778656126342e-02
1.984824883171699972e-02
1.861808044603743481e-02
1.863677831356705394e-02
1.957502915969369650e-02
2.029598308668075987e-02
1.992458214431308550e-02
2.031762036803630087e-02
1.930752344841349041e-02
1.995375954965822318e-02
1.724683544303797639e-02
2.183738763902290381e-02
2.025810324129651702e-02
1.944444444444444475e-02
2.066323959278298580e-02
1.964912280701754457e-02
2.123356926188068802e-02
2.011263073209975868e-02
2.008272287835750208e-02
1.924537857685490114e-02
1.972041937094358433e-02
2.013458662678914782e-02
2.072313149542597682e-02
1.864373073481157342e-02
2.108271325353175754e-02
2.087527816043234161e-02
1.817814582912542776e-02
1.933507432703897300e-02
2.032289678650642251e-02
1.827782290820471195e-02
2.145793642835656240e-02
1.991184858698470325e-02
1.939043615344193325e-02
2.082399242763911806e-02
2.018943170488534528e-02
2.040714249987495704e-02
1.922099054205227142e-02
1.944986143898183237e-02
2.178544795994460589e-02
1.929179469097869193e-02
1.750321750321750386e-02
2.042066571370226499e-02
2.127552812484319322e-02
1.900913036970513365e-02
1.994887474312064674e-02
1.994887474312064674e-02
1.934021657013346857e-02
2.150363783346806792e-02
2.012642225031605406e-02
2.059449084401099653e-02
2.086400324889588209e-02
2.132390096008084795e-02
1.943056101533104790e-02
2.000306952473525357e-02
2.181130918935485566e-02
2.185117577579727410e-02
1.967011576682716964e-02
2.027129242095708841e-02
2.116951175219218551e-02
2.112568250242384191e-02
1.943866416281784387e-02
1.991272508401464511e-02
2.052983565762870125e-02
2.123397435897435986e-02
2.110887736747434074e-02
2.288184741920177082e-02
1.892002454489670818e-02
1.948542369467801127e-02
2.069772172497965843e-02
1.924433249370276905e-02
1.923763841404296446e-02
1.990473802958134947e-02
1.863724466974802513e-02
2.048240805342370005e-02
2.127315812149935259e-02
1.953479005135434418e-02
2.054724328755892435e-02
2.119056149869478350e-02
2.120726219417576330e-02
2.001013171225937345e-02
2.245079099879914233e-02
2.175984752223633981e-02
2.156977052308018533e-02
1.936690938511326926e-02
2.041948169809418290e-02
2.056619902448835954e-02
1.920288043206480957e-02
1.962768110076891850e-02
1.765467253429976735e-02
2.050577519971505738e-02
2.121104994697237470e-02
2.027199103550145209e-02
2.032047717737451437e-02
2.043239499332112977e-02
2.057965180638019614e-02
2.075180226570545738e-02
2.013966197753263784e-02
2.068268015170670118e-02
1.974640404951636188e-02
2.132665832290362926e-02
2.026586405818911474e-02
2.089220831651190935e-02
1.896782152770638483e-02
2.098535554325398761e-02
1.921248811727623018e-02
2.149011657374556503e-02
2.201193170129603013e-02
2.148760330578512387e-02
1.827662205020695596e-02
2.160275220074876074e-02
2.051178925142024129e-02
2.024993624075490870e-02
2.082381024937782557e-02
1.955966188323176799e-02
2.018586989107624616e-02
2.297175027646526646e-02
1.945841589188639781e-02
1.998419329344021736e-02
2.033148033765699164e-02
1.948988216576343774e-02
2.076810686704236991e-02
2.075634080899103895e-02
2.201862725248025787e-02
2.000198530871550445e-02
1.976644830532611752e-02
2.184269207378877059e-02
2.068107603794122271e-02
2.180283089148249420e-02
2.136645962732919291e-02
2.068166776968894879e-02
1.900960983038386953e-02
2.162629757785466955e-02
1.969234126118263317e-02
1.916338151554971420e-02
2.089150378938970862e-02
1.908415964921022362e-02
2.115670303775421188e-02
1.924148058129525676e-02
1.943319838056680252e-02
2.002134254789369322e-02
1.915923566878980841e-02
1.915266984206568171e-02
1.918526900524637410e-02
2.032721864154685143e-02
1.922178078990418454e-02
2.282745591939546598e-02
2.148103153128278625e-02
2.037617554858934046e-02
2.088759511771615465e-02
2.105155587348627941e-02
1.973311350404451450e-02
1.989197049963643826e-02
2.102102102102102257e-02
1.917535495363336187e-02
2.116982907323192858e-02
2.173913043478260809e-02
2.082896117523609647e-02
2.195786605177654435e-02
2.185323508630261299e-02
2.001018329938900053e-02
2.076519752894149390e-02
2.003577817531305982e-02
2.069677419354838677e-02
1.860367892976588777e-02
2.003577817531305982e-02
1.905717151454363115e-02
2.016613552061020942e-02
2.124117053481331882e-02
2.095258100089271783e-02
1.983633726952558490e-02
2.133899676375404508e-02
2.022280208751505576e-02
2.248279378027020006e-02
1.981737908890226704e-02
2.056720098643649922e-02
2.131996474217717069e-02
2.134941329856583983e-02
1.961208060943324741e-02
2.163448237702650379e-02
2.087563121453485382e-02
1.901783883534960071e-02
1.958584106906049310e-02
2.073293172690763089e-02
2.033796919395842659e-02
2.039064176861987709e-02
2.183295252602183295e-02
2.181388351601117395e-02
1.814058956916099821e-02
1.978305785123966876e-02
1.987118677917020307e-02
2.166942490690939097e-02
2.037506335529650284e-02
2.085460897608169828e-02
2.010395214278709597e-02
2.103023405413429608e-02
2.215794891906466141e-02
2.088439542483659997e-02
2.084168336673346625e-02
2.160828811050814063e-02
1.987348707476216739e-02
1.967557825172724581e-02
2.040167452705209106e-02
2.021967049425861182e-02
1.952255715152741156e-02
1.960587170721898170e-02
2.155712638492003966e-02
2.193888085897171061e-02
2.098470606168385821e-02
2.010126582278480914e-02
2.141730681182275886e-02
2.010807440507118501e-02
2.131813624610838509e-02
2.050007765180928559e-02
1.839240443406074330e-02
2.121163426000321345e-02
2.133516861665519723e-02
2.070811657154401908e-02
2.181149699408754458e-02
2.041519086973632435e-02
2.000804343454655118e-02
2.265648548176429217e-02
2.238843685247890111e-02
2.191171800571610137e-02
2.063524175601861091e-02
2.249126184083886232e-02
2.070173576092149137e-02
2.128627768227323372e-02
1.918392204628501657e-02
2.108063855914858731e-02
2.078510317060895674e-02
2.080649955414643967e-02
2.029015437038566780e-02
1.921629622196578333e-02
2.019901975345314224e-02
2.284753474111072755e-02
1.880793274412588881e-02
2.322263222632226301e-02
1.985586856826084684e-02
2.124610899748011206e-02
2.066567312468951811e-02
1.890265134557031143e-02
2.013627580595952343e-02
2.078095335830468585e-02
2.080856123662306809e-02
2.322139430437889299e-02
2.322139430437889299e-02
2.115209105062543574e-02
2.182667926216874665e-02
2.074052074052074035e-02
2.181799601451126641e-02
2.429983525535420186e-02
1.944813829787234161e-02
2.258355916892502285e-02
2.061438965238480275e-02
2.205733898647284363e-02
2.106944929851714901e-02
2.171574903969269998e-02
2.328318493501176784e-02
2.234066681787253220e-02
2.343277565007054891e-02
2.189631300958925011e-02
2.056945992501773082e-02
2.354260089686098512e-02
2.076573653471771447e-02
2.065421484336396954e-02
2.212546200192395257e-02
2.179986032126109835e-02
2.041728763040238578e-02
2.204481071336595460e-02
2.102509934107942360e-02
2.188027196973569774e-02
2.307155670719553478e-02
1.993270799347471312e-02
2.411735454997513545e-02
2.243331723286641835e-02
2.063516029996476792e-02
2.179994721562417484e-02
2.272842575211810739e-02
2.141220993924907931e-02
2.174348697394789739e-02
2.245699723932894493e-02
2.156448202959830932e-02
2.217101894521249228e-02
2.053881034942651312e-02
2.330626040458053799e-02
2.260057254783787856e-02
2.229558151345860731e-02
2.434160061365379588e-02
2.028956465106958665e-02
2.201042599125901597e-02
2.144526882813294066e-02
2.137052272499247521e-02
2.198328631500505795e-02
2.085729221118661630e-02
2.143751565239168655e-02
2.067453793653166103e-02
2.183077386329418737e-02
2.059599024924133048e-02
2.316313823163138400e-02
2.237114418054597306e-02
2.222338696996697949e-02
2.186733469025625015e-02
2.270468998410174813e-02
2.300127784876937476e-02
2.324649298597194352e-02
2.118367551829727566e-02
2.128526326509827885e-02
2.144866385372714429e-02
2.425178028982620526e-02
2.417480241748024006e-02
2.084195283409184807e-02
2.162777461582242322e-02
2.278363298202107715e-02
2.396566114224394847e-02
2.145555275749181506e-02
2.100602378623281710e-02
2.416517970940606705e-02
2.340093603744149847e-02
2.392998077506829774e-02
2.191939998943643469e-02
2.117223084238450265e-02
2.152206529049614445e-02
2.155696715772401767e-02
2.175362988045764778e-02
2.292437997666987859e-02
2.144550984637591529e-02
2.272499247516805362e-02
1.985981308411214827e-02
2.059412198462024640e-02
2.117009072896026620e-02
2.225098312509333348e-02
2.068893636979519599e-02
2.252343041418925634e-02
2.158979391560353345e-02
2.275216568754356156e-02
2.145076187188717232e-02
2.399232245681381936e-02
2.272727272727272790e-02
2.103042700076706781e-02
2.186647813352186540e-02
2.040196425859363075e-02
2.254635352286773683e-02
2.299258958481372600e-02
2.120352396595490477e-02
2.187192118226601034e-02
1.940415523324186611e-02
2.138631882299408399e-02
2.042063451647400246e-02
2.116269761857114337e-02
2.333266573202483554e-02
2.348976409637342291e-02
2.116991643454039021e-02
2.232032141262834182e-02
2.414476945959345699e-02
2.161771786230139505e-02
2.183891385224911996e-02
2.268083367388639207e-02
2.192680472432604125e-02
2.075064060694367662e-02
2.376089663760896573e-02
2.126607319485657871e-02
2.372065612415283353e-02
2.339653085921742509e-02
2.115561930130109569e-02
2.185874349739895875e-02
1.998995479658463234e-02
2.179891005449727595e-02
2.183098591549295642e-02
2.245276399538916404e-02
2.066995585562191734e-02
1.968526466380543516e-02
2.321331555292142218e-02
2.156553583235847754e-02
2.067235323632714630e-02
2.321822189566495262e-02
2.094323696982485633e-02
2.294249731523967731e-02
2.139589788992179303e-02
2.235872235872235839e-02
2.249571270049429902e-02
1.792566604538976122e-02
2.475418745985473457e-02
2.453771350833879039e-02
2.316167050986420867e-02
2.138264466929173241e-02
2.221777421937549957e-02
2.221544405469981151e-02
2.287053920291742815e-02
2.183044103017574983e-02
2.155954060044328047e-02
2.044319600499375916e-02
2.275119017790027537e-02
2.246373043523477650e-02
2.259943752511048634e-02
2.150537634408602322e-02
2.317745558505207235e-02
2.228454103860984595e-02
2.048892896503356348e-02
2.191767017685292487e-02
2.157096102350490943e-02
2.265372168284789794e-02
2.323257556832375795e-02
2.023980323836851655e-02
2.369064601589565902e-02
2.225305786822900575e-02
2.158690043700310646e-02
2.316946383484331032e-02
2.124674283423531873e-02
2.096074434164445222e-02
2.322213879652472446e-02
2.343789209535759172e-02
2.241405421777979690e-02
2.262262262262262208e-02
2.212184981778986953e-02
2.109517472522056195e-02
2.182425729650707552e-02
2.223979440545616193e-02
2.075187969924811859e-02
2.230749552315170262e-02
2.231400795849493648e-02
2.225340817963111437e-02
2.082597952700317515e-02
2.092683172810246711e-02
2.250202265372168442e-02
2.320802005012531297e-02
2.249786571586400927e-02
2.159510443534112117e-02
2.136773930338110167e-02
2.225738396624472523e-02
2.040006800022666628e-02
2.265204799338022337e-02
2.111645410830022968e-02
2.193960275638427368e-02
2.040608101214161710e-02
2.133777239709443163e-02
2.383197150639011080e-02
2.174831081081081072e-02
2.263868866463772736e-02
2.296116253813931807e-02
2.233377727691834846e-02
2.154334254426363768e-02
2.280612244897959121e-02
2.213373325748565004e-02
2.227307398932112936e-02
2.127551020408163102e-02
2.127551020408163102e-02
2.209747384536871542e-02
2.302273638394135638e-02
2.240583971206975070e-02
2.160783088618140058e-02
2.130003672420124894e-02
2.323861835850850321e-02
1.991718643534776470e-02
2.182644540746221315e-02
2.101416171767930482e-02
2.302548891458448474e-02
2.220551378446115193e-02
2.312786551197147308e-02
2.181036248208068767e-02
2.502170249706377886e-02
2.174688057040998282e-02
2.364622786365032370e-02
2.428797872884389322e-02
2.327381566725152118e-02
2.351172902463900469e-02
2.242176578126680447e-02
2.255332176752729983e-02
2.102887623736985137e-02
2.123802123802123742e-02
2.105587510271158744e-02
2.076160667709963520e-02
2.123377276844118020e-02
2.294014525419484085e-02
2.328294612965405366e-02
2.221997778002221882e-02
2.135778260639143583e-02
2.347314606123907313e-02
2.410246066962484779e-02
2.494512073438435312e-02
2.291948155932542822e-02
2.311293153891164423e-02
2.226731179439155051e-02
2.228370966945007053e-02
2.290376486778727960e-02
2.188358730951786221e-02
2.343163538873994575e-02
2.129381417227252035e-02
2.152342400157970098e-02
2.270117941759732666e-02
2.232862903225806342e-02
2.228468179080506095e-02
2.370191297035947192e-02
2.277513022276404786e-02
2.276083303630531060e-02
2.203499675955929854e-02
2.309514409790762099e-02
2.303223484653745337e-02
2.329641823805247980e-02
2.240827382418123653e-02
2.261928331023559807e-02
2.197856717602698906e-02
2.196875774857426356e-02
2.210001018433649031e-02
2.038741438356164379e-02
2.350288148333750868e-02
2.327207351178585751e-02
2.437476867762914529e-02
2.037249440166038691e-02
2.152502792161640685e-02
2.288184741920177082e-02
2.211528616770758529e-02
2.277777777777777873e-02
2.287436391482634140e-02
2.304420927702502397e-02
2.249101331001651660e-02
2.294190358467243507e-02
2.244978337928318218e-02
2.130213021302130097e-02
2.247135027404085703e-02
2.231940883727944608e-02
2.284340246468289856e-02
2.184612294094013737e-02
2.123142250530785438e-02
2.376738305941845930e-02
2.280535776527411324e-02
2.321990277380612047e-02
2.299143556280587239e-02
2.446437468858993561e-02
2.375744009767512960e-02
2.170511332088233963e-02
2.341990692088274928e-02
2.235469448584202767e-02
2.269503546099290933e-02
2.182610016711399037e-02
2.116242916603981727e-02
2.359082467499874422e-02
2.119801679651927423e-02
2.245699723932894493e-02
2.501606763237257045e-02
2.409381663113006541e-02
2.270768918850423271e-02
2.116719085417602744e-02
2.129269892527372796e-02
2.326282469979400191e-02
2.215649907263522039e-02
2.327435833540991705e-02
2.278040288485451426e-02
2.326056950053678393e-02
2.271717121833177061e-02
2.426325633119344807e-02
2.183645045762037246e-02
2.045172499379498479e-02
2.198833876865302975e-02
2.080443828016643668e-02
2.335714647616152564e-02
2.011805213969503070e-02
2.228556620886239931e-02
2.160935418619566728e-02
2.339761066772418421e-02
2.096978928662096911e-02
2.289255351838574357e-02
2.319214876033057898e-02
2.238388360380525952e-02
2.150861852354389592e-02
2.095040914916691463e-02
2.327232165492065102e-02
2.097902097902097987e-02
2.268072906000409561e-02
2.390538500251635640e-02
2.457330865720748492e-02
2.039586054455943057e-02
2.154172131974573662e-02
2.263467632412856367e-02
2.188706073532398905e-02
2.386506369998205729e-02
2.406470179616949576e-02
2.107963978467575564e-02
2.361470740548938380e-02
2.293325321716488743e-02
2.194623173225597121e-02
2.229108356657337128e-02
2.416812609457092906e-02
2.254779717373233544e-02
2.251868198003911803e-02
2.170647049681396698e-02
2.228750886435011680e-02
2.351536544850498303e-02
2.295164119268353758e-02
2.175449222693317045e-02
2.082160945413618486e-02
2.244032353521404483e-02
2.219387755102040713e-02
2.154479710727199779e-02
2.307917031843412237e-02
2.315035799522673077e-02
2.177538008827856891e-02
2.229627088744058280e-02
2.243495336278841443e-02
2.080172287210611468e-02
2.168674698795180697e-02
2.266316987480825398e-02
2.216654866292685697e-02
2.207072441022119719e-02
2.254570406312797134e-02
2.243684992570579503e-02
2.407176675803638158e-02
2.064984823605513220e-02
2.262533638991328505e-02
2.179422199695894499e-02
2.155594748187340814e-02
2.120194476467344991e-02
2.334177215189873339e-02
2.189484378968757985e-02
2.070484581497797349e-02
2.200236266981689393e-02
2.026215729437662663e-02
2.171361502347417954e-02
2.220156395253458648e-02
2.328944743666467102e-02
2.194944346197856902e-02
2.237862209270357824e-02
2.250316055625790207e-02
2.211264741764945238e-02
2.193683789726164415e-02
2.144044321329639791e-02
2.224734110877048601e-02
2.188492763854571130e-02
2.358301622271179523e-02
2.290076335877862593e-02
2.301959983666802823e-02
2.323354500554379587e-02
2.252770227890445176e-02
2.467993213018664089e-02
2.165624523410096189e-02
2.275914140869377683e-02
2.365264402770738197e-02
2.047901781221696596e-02
2.227820588816439504e-02
2.298266131082523853e-02
2.320898152343553456e-02
2.171580077015339977e-02
2.316602316602316483e-02
2.272611204739288099e-02
2.402117459049141202e-02
2.111591394644010689e-02
2.111591394644010689e-02
2.068150482568445817e-02
2.421534557890672387e-02
2.309147009057430089e-02
2.206077318767566547e-02
2.308113216932796211e-02
2.204349121239201556e-02
2.363121141584859780e-02
2.225427570574902217e-02
2.258437704340827967e-02
2.260710046401208720e-02
2.372605801961083158e-02
2.162426614481409090e-02
2.266206292856100604e-02
2.405638694519638549e-02
2.141359688529499705e-02
2.163037080635667880e-02
2.102694564145163661e-02
2.240799366838147968e-02
2.353988427872014122e-02
2.261910603012609947e-02
2.332389967795452448e-02
2.463103310729956169e-02
2.350742598603324310e-02
2.139305981017425654e-02
2.072404300628473417e-02
2.119046429106901872e-02
2.393895566305919917e-02
2.145814399676865616e-02
2.216232404911650314e-02
2.341747189903372120e-02
2.296940670511191454e-02
2.291738850665742816e-02
2.104053176070768208e-02
2.233754512635379233e-02
2.298730473851940889e-02
2.088293650793650660e-02
2.222659323367427373e-02
2.530449391012179819e-02
2.245385027519360838e-02
2.155614863477725227e-02
2.274529236868186310e-02
2.131272322735523056e-02
2.323525077368963909e-02
2.171297022968660118e-02
2.356957087126137704e-02
2.136878385032003891e-02
2.223443589487358873e-02
2.235061578227155385e-02
2.277505255781359442e-02
2.135057049116105901e-02
2.215018908698001068e-02
2.197263230173132631e-02
2.296450939457202536e-02
2.185656936115379020e-02
2.289206546509219009e-02
2.176051143348905689e-02
2.387294071224228126e-02
2.379885486681603338e-02
1.853553921568627458e-02
2.254892222111850447e-02
2.289852236030922791e-02
2.342143537790260244e-02
2.165813918831652543e-02
2.349544526855493198e-02
2.272969232407111642e-02
2.322874493927125361e-02
2.303926785144195036e-02
2.323448486701314500e-02
2.227605455790194339e-02
2.344104451277915016e-02
2.268031093181147387e-02
2.155992390615091986e-02
2.222442211552739730e-02
2.092495389416938745e-02
2.390038160273147069e-02
2.122994119405960389e-02
2.265308141260263114e-02
2.446662752006263306e-02
2.339761066772418421e-02
2.295854428793423288e-02
2.192588153031665293e-02
2.320564091770153589e-02
2.462559051160920567e-02
2.066509504940562680e-02
2.271018198225296936e-02
2.257313994356715051e-02
2.295211713494262062e-02
2.064941653982749897e-02
2.312655086848635147e-02
2.126391096979332249e-02
2.324083250743310194e-02
2.319489166621186566e-02
2.460325913302801107e-02
2.137468566638725878e-02
2.120462462765689005e-02
2.260565141285321433e-02
2.230274573849137451e-02
2.282532356777365254e-02
2.269182389937107053e-02
2.158129287466827029e-02
2.103054802230977863e-02
2.245294599018003365e-02
2.318480567199710310e-02
2.247932206830060425e-02
2.279029899662179254e-02
2.278238027884420952e-02
2.195209519413243021e-02
2.234780375032108940e-02
2.104943581440064937e-02
2.111794764834706503e-02
2.358849490184142597e-02
2.258950313455261247e-02
2.292086108099736577e-02
2.302006335797254430e-02
2.337337337337337326e-02
2.254242393814639978e-02
2.347248674525145504e-02
2.561366061899679816e-02
2.354907323002126962e-02
2.099323946525695136e-02
2.219196045796136690e-02
2.359556202620613496e-02
2.354382144801306365e-02
2.161678851312260133e-02
2.271215918972837450e-02
2.228863786029076574e-02
2.241189977039033734e-02
2.232951116475558398e-02
2.148078166177713744e-02
2.254719749584270863e-02
2.316602316602316483e-02
2.329031300993917794e-02
2.437427607392858922e-02
2.210520541934068300e-02
2.245621038974000838e-02
2.216276252019386273e-02
2.180736824715017244e-02
2.360439041661748991e-02
2.234664309218604289e-02
2.348518138762755586e-02
2.374316647014685505e-02
2.346445824706694383e-02
2.228370966945007053e-02
2.209319490232741073e-02
2.274286834624056342e-02
2.541420262939250371e-02
2.232846485236944511e-02
2.387306516570430331e-02
2.560538835729940510e-02
2.146194276815261912e-02
2.311085538933640299e-02
2.318229715489989601e-02
2.351027650450983331e-02
2.260293694212496540e-02
2.270872341447020826e-02
2.108649035025017895e-02
2.463242314302081445e-02
2.265525232937615208e-02
2.413496463391320845e-02
2.221884035915385955e-02
2.367021276595744628e-02
2.011227727605565188e-02
2.341630574460996581e-02
2.151462994836488701e-02
2.313715584743622142e-02
2.359583092067168639e-02
2.172456694420518697e-02
2.100677637947724954e-02
2.333647128771738563e-02
2.192307692307692360e-02
2.367404998983946296e-02
2.146329145887254652e-02
2.466582597730138798e-02
2.071736289268599762e-02
2.154222766217870136e-02
2.445011783189316584e-02
2.140402552773686823e-02
2.296944109368717277e-02
2.281937475878039259e-02
2.115861666423464113e-02
2.231356429829712412e-02
2.271383523847063379e-02
2.097378277153558179e-02
2.421991084695393828e-02
2.377155387222166724e-02
2.284926380065986987e-02
2.331825187689554046e-02
2.142123538905462907e-02
2.108389012620638311e-02
2.272948033025740805e-02
2.237050549661562249e-02
2.309937181579858542e-02
2.206639533173147816e-02
2.294131852209611161e-02
2.170745920745920793e-02
2.152699455695581895e-02
2.259776944430916257e-02
2.241760801211133136e-02
2.393162393162393334e-02
2.393162393162393334e-02
2.268656716417910557e-02
2.149337732278880364e-02
2.266178266178266176e-02
2.390516312334672183e-02
2.313339128754950125e-02
2.101232264715989853e-02
2.203897315073872348e-02
2.330561227030526414e-02
2.122102513875285743e-02
2.134043067989354128e-02
2.297668038408779215e-02
2.513412924742616794e-02
2.077122330286887419e-02
2.234999999999999834e-02
2.110047846889952228e-02
2.343595816064732509e-02
2.203248442023651721e-02
2.169197396963123622e-02
2.109537486382093846e-02
2.266536465025440622e-02
2.352371732817037583e-02
2.282945349185732872e-02
2.165325530358449060e-02
2.232684560500897836e-02
2.455127891622242708e-02
2.214481214232396147e-02
2.228354605036219488e-02
2.445926824337982600e-02
2.254563394178589128e-02
2.328107291273139381e-02
2.410679984633115613e-02
2.133500288961664298e-02
2.217544546700607119e-02
1.969140337986774458e-02
2.308354043203976122e-02
2.442799787161998790e-02
2.367491166077738407e-02
2.090864680019540942e-02
2.144746333253185963e-02
2.149613069647463362e-02
2.202643171806167519e-02
2.250405263659769131e-02
2.319961333977766868e-02
2.245552639253426547e-02
2.384943249844356100e-02
2.185792349726775954e-02
2.381068791864274226e-02
2.072751526345492645e-02
2.348761472416855886e-02
2.114154815309726015e-02
2.370573541656462863e-02
2.378278068076378204e-02
2.246309284418068417e-02
2.596314907872696726e-02
2.254523880154257059e-02
2.378912353208003511e-02
2.285951787198670093e-02
2.295113785239458540e-02
2.144772117962466529e-02
2.232549226273175882e-02
2.394778518980659326e-02
2.140570500262793316e-02
2.279092225977788488e-02
2.277138664015528058e-02
2.402179296681525647e-02
2.230648020484538030e-02
2.264917969317136945e-02
2.229905792744036816e-02
2.219482120838470879e-02
2.303477037971000604e-02
2.159468438538205901e-02
2.296256317158137591e-02
2.063089368627638726e-02
2.339265904596537007e-02
2.427557090769525902e-02
2.284511525232301582e-02
2.164968652037617403e-02
2.106805436265346207e-02
2.213967310549777232e-02
2.221886336154776237e-02
2.424652241112828371e-02
2.332943697642704192e-02
2.361666829315897317e-02
2.369714847590953868e-02
2.073333663219357678e-02
2.047322187588552014e-02
2.311111111111111005e-02
2.430863104025194482e-02
2.268598084949668622e-02
2.237364524090567491e-02
2.422918677299740892e-02
2.368882823162409695e-02
2.271842770967114067e-02
2.400706956649811125e-02
2.077490986092828812e-02
2.334305960817006920e-02
2.390066745190420200e-02
2.285685953691308364e-02
2.369644800633224566e-02
2.258686304551969434e-02
2.246035611841749186e-02
2.185738304816536512e-02
2.075554046845448641e-02
2.355889724310776881e-02
2.231828692067960168e-02
2.091470951792336053e-02
2.248612868684902316e-02
2.097596504005826493e-02
2.181372549019607726e-02
2.241107963487566981e-02
2.370564281559045874e-02
2.046263345195729541e-02
2.371911573472041540e-02
2.113805335536226085e-02
2.313210677858571970e-02
2.292360407316249363e-02
2.331580996884735288e-02
2.270943692368059680e-02
2.263354281225451667e-02
2.169682817668807176e-02
2.403822947337935084e-02
2.299885005749712635e-02
2.268760907504362850e-02
2.211949497962023906e-02
2.422993917990974924e-02
2.177407569779336513e-02
2.164361269324654308e-02
2.307022634939059902e-02
2.154311059121703786e-02
2.245200823399875686e-02
2.285714285714285712e-02
2.505694760820045483e-02
2.373694468042576722e-02
2.351693894270155683e-02
2.277992277992278020e-02
2.287387119182296424e-02
2.311006658832745822e-02
2.109726195341234123e-02
2.266833157237537269e-02
2.190062711046792190e-02
2.214866377841600426e-02
2.482364977653330612e-02
2.453781512605042112e-02
2.108699031138282914e-02
2.246056175452097042e-02
2.180469715698393068e-02
2.233935742971887572e-02
2.279567770266936397e-02
2.114832535885167314e-02
2.181729834791059155e-02
2.153205000992260490e-02
2.238428036057935749e-02
2.389520656398445506e-02
2.107370528423160166e-02
2.209810587663914652e-02
2.324455205811137848e-02
2.343863033518205768e-02
2.314349925883421935e-02
2.432956863525548644e-02
2.270815811606391801e-02
2.129643260218852877e-02
2.488536246071410343e-02
2.389579864851630597e-02
2.013034033309196377e-02
2.370530664437121848e-02
2.092478782557799163e-02
2.156919513607411659e-02
2.216861934298185177e-02
2.304634428621748013e-02
2.202389520656398286e-02
2.177962458804986318e-02
2.203111411730602001e-02
2.736175115207373221e-02
2.110517991300909363e-02
2.296811316231119754e-02
2.135197242435848269e-02
2.101987072061288139e-02
2.265027586874455642e-02
2.313637018192291062e-02
2.188802858844550447e-02
2.392077196546470164e-02
2.405498281786941708e-02
2.144127183349021915e-02
2.322169381766669982e-02
2.270101953693938121e-02
2.150425929773529948e-02
2.224864972003369468e-02
2.215972457935315096e-02
2.363528481012658333e-02
2.332045604447375783e-02
2.365129007036747416e-02
2.031888003111024729e-02
2.483900643974240943e-02
2.289174420321961334e-02
2.141070053887605962e-02
2.174651715936119778e-02
2.236500073569081329e-02
2.210594391204656270e-02
2.207279637479900650e-02
2.207279637479900650e-02
2.144578313253012181e-02
2.170397036573276997e-02
2.204808721892339077e-02
2.209858569051580818e-02
2.156047568403751322e-02
2.142891930063799827e-02
2.303770681031165959e-02
2.464755858463262006e-02
2.314456899884035496e-02
2.447986256919259390e-02
2.252230528092596940e-02
2.326808673958933107e-02
2.213279678068410389e-02
2.023803787404230767e-02
2.128281303267910360e-02
2.236084452975048084e-02
2.360727500130282985e-02
2.263693650024236476e-02
2.325693840054153527e-02
2.205093179822421867e-02
2.255524511049022268e-02
2.303281929616449175e-02
2.359445184856113348e-02
2.157945392837242252e-02
2.239457101308773776e-02
2.189317304403069070e-02
2.292597629687196520e-02
2.415250168059156904e-02
2.219831801290827328e-02
2.276994175131179937e-02
2.224539450816823138e-02
2.275594371664240584e-02
2.223956301209520023e-02
2.283659686118264323e-02
2.525399129172714238e-02
2.213880065453845483e-02
2.251945525291828773e-02
2.271209084836339417e-02
2.417473318441300603e-02
2.228761638284528987e-02
2.148655874775168978e-02
2.270618682552858966e-02
2.384080182941663087e-02
2.385025169835296513e-02
2.174230975478964531e-02
2.359910653588423793e-02
2.159573948307030866e-02
2.433925638345527803e-02
2.162135780174728045e-02
2.262334536702767865e-02
2.240015251167667629e-02
2.341201304931874935e-02
2.347188264058679835e-02
2.297624818225884463e-02
2.466181569565854478e-02
2.231256957552877479e-02
2.428571428571428548e-02
2.420295489891135382e-02
2.274835245301439976e-02
2.327733138543949462e-02
2.240139043113020811e-02
2.255602547275290318e-02
2.255823057349774785e-02
2.236918887375996881e-02
2.458358418623319414e-02
2.172453481680414189e-02
2.094465648854961989e-02
2.384944026823860100e-02
2.350045842783380842e-02
2.166189677292016183e-02
2.175792507204610954e-02
2.342564491654021072e-02
2.186992646356604106e-02
2.173913043478260809e-02
2.269705603038936481e-02
2.255567236930134875e-02
2.422112004622718751e-02
2.166564228641671905e-02
2.418496662474605916e-02
2.376467178669757971e-02
2.264593360483771467e-02
2.235655344463634633e-02
2.366279069767441776e-02
2.168416958381952711e-02
2.328037007240547213e-02
2.430203963546940377e-02
2.303758502556973314e-02
2.165297245045915905e-02
2.223746081504702349e-02
2.221461075500318072e-02
2.277597807126837889e-02
2.184657967576117063e-02
2.189852380486851172e-02
2.238732532965951455e-02
2.078635160309834362e-02
2.343444227005870781e-02
2.248346803820720080e-02
2.401597817614965075e-02
2.108989380266241068e-02
2.282279087088365244e-02
2.190593334504773587e-02
2.221010361409945025e-02
2.258947780168198832e-02
2.243859042158849459e-02
2.369089488081281905e-02
2.289758534554537858e-02
2.157637516897161281e-02
2.119336469423124467e-02
2.316883621527103185e-02
2.195795914339287308e-02
2.216265377435259337e-02
2.300955020040575810e-02
2.271624114163673519e-02
2.273062005989493969e-02
2.391799544419134435e-02
2.366490111278487726e-02
2.295594412425515374e-02
2.307385627429482666e-02
2.407236298205514893e-02
2.109854440330679107e-02
2.525474135829555017e-02
2.298002165141226419e-02
2.212435776449617197e-02
2.146489340895755757e-02
2.272613254402247596e-02
2.204516570534754277e-02
2.275274056029232689e-02
2.283874163983155847e-02
2.350607488222167252e-02
2.341458480833417607e-02
2.509476512643347285e-02
2.054692540572733081e-02
2.393811122463873967e-02
2.264441591784338917e-02
2.457811787361273079e-02
2.188364306856227862e-02
2.294739979138727543e-02
2.314024696315630791e-02
2.348365498227648548e-02
2.038677218175147937e-02
2.425364048117664359e-02
2.290521811019792867e-02
2.122800643587481259e-02
2.298616761594792640e-02
2.395179000051069970e-02
2.430026071129912785e-02
2.340951516068815949e-02
2.297336845185835377e-02
2.246301518974815753e-02
2.261704681872749034e-02
2.268935602268935467e-02
2.321907315204902247e-02
2.174344718030182810e-02
2.256740914419695307e-02
2.312807169702225940e-02
2.215650150295743123e-02
2.253328781153977542e-02
2.260105278408267721e-02
2.233915806195393289e-02
2.178249002729372094e-02
2.227600513681714939e-02
2.249255213505461926e-02
2.192896389324960893e-02
2.472759838797950263e-02
2.247411551106531097e-02
2.249306381292112689e-02
2.378983215762588144e-02
2.424896917337522259e-02
2.300141622307955158e-02
2.306628469821199109e-02
2.350533985427687503e-02
2.368185880250223488e-02
2.452840876904775411e-02
2.263222632226322140e-02
2.320340111663166463e-02
2.371502282198848996e-02
2.161418676622292243e-02
2.267198598812883090e-02
2.246416079609833000e-02
2.297310707551850767e-02
2.079619726678550232e-02
2.272390455960085140e-02
2.427716849451645037e-02
2.393444261230200446e-02
2.125329749639141841e-02
2.244116037219485646e-02
2.464696993382314502e-02
2.155151396947681611e-02
2.327186667981461302e-02
2.198341429903331867e-02
2.349043074031946857e-02
2.211326305467026243e-02
2.241936261511016937e-02
2.364277554264143308e-02
2.119385572622982730e-02
2.117822520507084416e-02
1.954509649468294530e-02
2.167166649425881705e-02
2.271281022076460099e-02
2.271281022076460099e-02
2.318598011223786670e-02
2.214526120677040230e-02
2.345457194192201306e-02
2.381546757202056969e-02
2.177722152690863416e-02
2.129822599501855415e-02
2.207149009474590820e-02
2.296655403751040464e-02
2.285547558840692398e-02
2.036209960140229411e-02
2.201616245337753922e-02
2.316752652584444516e-02
2.308147563622016049e-02
2.575107296137339047e-02
2.177717285630954847e-02
2.184102440202947623e-02
2.211760090235888321e-02
2.111628829186081024e-02
2.311323049973237204e-02
2.366490111278487726e-02
2.363618230776902418e-02
2.359838407724898848e-02
2.250852981616336540e-02
2.502581247848960008e-02
2.485603189447260775e-02
2.377910975729586457e-02
2.460012640381156052e-02
2.348845191977639441e-02
2.222760290556900775e-02
2.158569580049405842e-02
2.429390758575911829e-02
2.476162677563728196e-02
2.351773753411064150e-02
2.261032278184936864e-02
2.099419631592228108e-02
2.462908011869436101e-02
2.379272104042746278e-02
2.449822904368358784e-02
2.225644592379154296e-02
2.486391054877151729e-02
2.315562735595045815e-02
2.168260976207996016e-02
2.300364815565464002e-02
2.332769862352088858e-02
2.274476870319826552e-02
2.393826189539913565e-02
2.611367127496159665e-02
2.361453047279304593e-02
2.221023730143165467e-02
2.403750249351685464e-02
2.431031109371942917e-02
2.287423993822990109e-02
2.306313290372595526e-02
2.435481528107296886e-02
2.282097995972768092e-02
2.355427275538604301e-02
2.319423331535330757e-02
2.450237198611043138e-02
2.492874051886564621e-02
2.441894674904383777e-02
2.344363432417274212e-02
2.371522174954769982e-02
2.300366300366300451e-02
2.243062941119597711e-02
2.515277171540811901e-02
2.209239530659335218e-02
2.382198952879581097e-02
2.184147939620443776e-02
2.290753239075816669e-02
2.438429651304559881e-02
2.475445981158548928e-02
2.157918127499876618e-02
2.407315867523479938e-02
2.077005976290780681e-02
2.380601776861532293e-02
2.510396591946444794e-02
2.397361425617800662e-02
2.267807949626131359e-02
2.353860428773746002e-02
2.391917991383152656e-02
2.339467501957713524e-02
2.523675995979048764e-02
2.410203019260801632e-02
2.248420633736258195e-02
2.362400119112611011e-02
2.504702504702504759e-02
2.126408623223909750e-02
2.399208508533267475e-02
2.228159499924383877e-02
2.616966829221186938e-02
2.385734580904325802e-02
2.396290873596876661e-02
2.477760466401970202e-02
2.349829611922079134e-02
2.205224992549915594e-02
2.230116439707913872e-02
2.306580979425098404e-02
2.289319983312473883e-02
2.415753146569224463e-02
2.320846905537459273e-02
2.295030894646658826e-02
2.330539991074527528e-02
2.477323710133619294e-02
2.253256078839201842e-02
2.362755382386732758e-02
2.405019170442663015e-02
2.200663773295889747e-02
2.462064114159380826e-02
2.318240110486337324e-02
2.289957420292865198e-02
2.383784063291793931e-02
2.404779686333084407e-02
2.519649924744968988e-02
2.199999999999999872e-02
2.350406424444226663e-02
2.298173246906305353e-02
2.307542199238950265e-02
2.178825048418334479e-02
2.336610186237217737e-02
2.278230788238201285e-02
2.260764950624091427e-02
2.555197221533118263e-02
2.669770667195007011e-02
2.347826086956521577e-02
2.295588088835773255e-02
2.269178215889127576e-02
2.259802454354983489e-02
2.329515248175535388e-02
2.240868706811451061e-02
2.452263254822138056e-02
2.486543133425427390e-02
2.336063587456986210e-02
2.309144599893498545e-02
2.363006722346710012e-02
2.489282930631332713e-02
2.381646738602119159e-02
2.478611586409191006e-02
2.289354501567709976e-02
2.262220910789810094e-02
2.179863634101428249e-02
2.194633168776577437e-02
2.319854208737625115e-02
2.212301587301587422e-02
2.139011016153732209e-02
2.262090483619344852e-02
2.366922505570685786e-02
2.409140257457478146e-02
2.291098437887428840e-02
2.259327156517861729e-02
2.176702862783810519e-02
2.308988207313447671e-02
2.556802627977005152e-02
2.277736958119030292e-02
2.306714886130388151e-02
2.484895731826154697e-02
2.419475282521033402e-02
2.245084370943704541e-02
2.116555523340098513e-02
2.344256571400069739e-02
2.431005280462289475e-02
2.293530268358643515e-02
2.391060362074854881e-02
2.285771323052353254e-02
2.590849546358740471e-02
2.539715719063545193e-02
2.244524645276116046e-02
2.220686932491117149e-02
2.376416324075002542e-02
2.435884741063471665e-02
2.350499541483662413e-02
2.375018325758686266e-02
2.309606769537083173e-02
2.302874895211795558e-02
2.281967879650335582e-02
2.458230276109232143e-02
2.366340139265903433e-02
2.312540320579623693e-02
2.556103451745999830e-02
2.377467063752460724e-02
2.396898131829397136e-02
2.321160580290144992e-02
2.206028157842554113e-02
2.252116082224909360e-02
2.488620621413021802e-02
2.415987273811890865e-02
2.491511883363291269e-02
2.340573242090647488e-02
2.125761855210346260e-02
2.221023730143165467e-02
2.183869257098780201e-02
2.292139169039231900e-02
2.305196377548549697e-02
2.217671444982768220e-02
2.413207089099295849e-02
2.337763119604229292e-02
2.450081990932767573e-02
2.437713727405959804e-02
2.360608254887762436e-02
2.416874176065621910e-02
2.416874176065621910e-02
2.356020942408377020e-02
2.338981395575955718e-02
2.342621259029927655e-02
2.372798434442269927e-02
2.259221059869358228e-02
2.399293459594720526e-02
2.479216882286388798e-02
2.466224514861213579e-02
2.282107307598931628e-02
2.511820330969267295e-02
2.570185844207196688e-02
2.560909583107742402e-02
2.442353629405742688e-02
2.438902743142144780e-02
2.387409200968523132e-02
2.771958883421834705e-02
2.369483773658346767e-02
2.381532167729995611e-02
2.229795520934761341e-02
2.282419073463849701e-02
2.262516046213093601e-02
2.313071543840774721e-02
2.327074305889905229e-02
2.569965700651190635e-02
2.493802677243430951e-02
2.143906020558002806e-02
2.222668205308313619e-02
2.514291495927556061e-02
2.202665075576770021e-02
2.373887240356083173e-02
2.300049677098857381e-02
2.239625614822596950e-02
2.374178357696458269e-02
2.332493702770780872e-02
2.372338226173247716e-02
2.176914091536582760e-02
2.459215972729486208e-02
2.137330754352030973e-02
2.323406349987693770e-02
2.463768115942029102e-02
2.281819528819084217e-02
2.343750000000000000e-02
2.387190684133915636e-02
2.356198989506412891e-02
2.368847421643667170e-02
2.380595897589459636e-02
2.249974719385175459e-02
2.369760116307245007e-02
2.128909117603875953e-02
2.545009435405722401e-02
2.300432559968541152e-02
2.358605261878130716e-02
2.215235792019347102e-02
2.349221789883268463e-02
2.416918429003021146e-02
2.293312777028329308e-02
2.348578491965389384e-02
2.326903938201980993e-02
2.236282843894899647e-02
2.510051070303161852e-02
2.279411764705882235e-02
2.318854789685263415e-02
2.391219129753038158e-02
2.287994343148644014e-02
2.336644014636696243e-02
2.253134796238244475e-02
2.409517594498268231e-02
2.275862068965517349e-02
2.213616620440629970e-02
2.357876464631853200e-02
2.389872842870117975e-02
2.363135092556124459e-02
2.325467301182357685e-02
2.403197601798651162e-02
2.386835342953152680e-02
2.354522375429339565e-02
2.272500747533140464e-02
2.128520147631326326e-02
2.370237023702370313e-02
2.276681413729681261e-02
2.335329341317365220e-02
2.406059705926036005e-02
2.370734770776638037e-02
2.170666135616847528e-02
2.334230486909713576e-02
2.136794315041452841e-02
2.252429090195308750e-02
2.166373460668509845e-02
2.394567548248749053e-02
2.207654487612069685e-02
2.378057676409084387e-02
2.143484324156810089e-02
2.201373237591068566e-02
2.443229397566622219e-02
2.503842530616292444e-02
2.087986792269592995e-02
2.532968400099527145e-02
2.569286911924252917e-02
2.265929943731941065e-02
2.422265065005685045e-02
2.444654907067598040e-02
2.218169270961699649e-02
2.321658894731620099e-02
2.448692859651763892e-02
2.325008620265011511e-02
2.411134682051016553e-02
2.361547525530243580e-02
2.361571701336549062e-02
2.581429265921244415e-02
2.360504490356774704e-02
2.330886728823645948e-02
2.592107179263142616e-02
2.217954872779644843e-02
2.240923769449065447e-02
2.423058133854421106e-02
2.447743408966784190e-02
2.087640562755282286e-02
2.296905222437137239e-02
2.383709708550472983e-02
2.609674892283588010e-02
2.313985573897468090e-02
2.483483628297246393e-02
2.333790939399882358e-02
2.400973081601353795e-02
2.354632429484955145e-02
2.459898278560250506e-02
2.490449248029401666e-02
2.409291610673833586e-02
2.401682645274897179e-02
2.434232593799415256e-02
2.306554953178905840e-02
2.282757571145944270e-02
2.073244552058111506e-02
2.343555223136374946e-02
2.266833157237537269e-02
2.446245692374897016e-02
2.287004318806439007e-02
2.432593771764003654e-02
2.321285942492012921e-02
2.406851405227149535e-02
2.636330805344890005e-02
2.391068076277047885e-02
2.188621219887237207e-02
2.112352671054645512e-02
2.251720747295968619e-02
2.299140980293077480e-02
2.372326170033252357e-02
2.165101334651507725e-02
2.452912833990363722e-02
2.508787980931285327e-02
2.338012689214168105e-02
2.469197138314785378e-02
2.413295516743792571e-02
2.146620058096597797e-02
2.488663924918274942e-02
2.455647468914208542e-02
2.404476257687266846e-02
2.343133385951065573e-02
2.306702306702306665e-02
2.368874661413444827e-02
2.150063669311392048e-02
2.375102375102374971e-02
2.312620448981717730e-02
2.200381399442570204e-02
2.327807729127828046e-02
2.324488090263267942e-02
2.207637231503579989e-02
2.302500992457324341e-02
2.367302560047444826e-02
2.279300034312043560e-02
2.366953877344146057e-02
2.264799555128658645e-02
2.281851908319357594e-02
2.238544945785239659e-02
2.301949398589796594e-02
2.373231132075471692e-02
2.364066193853427839e-02
2.138141688836338664e-02
2.488474693897784265e-02
2.338887773539449766e-02
2.194912254083851780e-02
2.224313880907559729e-02
2.270035530990919745e-02
2.213368747233289066e-02
2.352873497094862959e-02
2.442669415099201283e-02
2.456334625257965490e-02
2.303224514320047905e-02
2.316468253968254065e-02
2.438429651304559881e-02
2.257258972726827739e-02
2.496629550107355017e-02
2.334454540890606999e-02
2.437247870909906022e-02
2.431948943576850430e-02
2.329888867225579988e-02
2.499752988835095280e-02
2.206376272412545816e-02
2.407536636427076021e-02
2.407536636427076021e-02
