1.288056206088993016e-02
9.941520467836258146e-03
7.642563198118753828e-03
9.219422249539029751e-03
1.043585021485573909e-02
9.357454772301933635e-03
7.912355447352404508e-03
7.366482504604051837e-03
1.081081081081081141e-02
6.744328632740649761e-03
6.682867557715674312e-03
1.244075829383886264e-02
9.968847352024922531e-03
1.118304885226603824e-02
9.065550906555090022e-03
9.708737864077669061e-03
1.141407736207989895e-02
9.495548961424331996e-03
9.163103237629810494e-03
1.370716510903426805e-02
1.168224299065420517e-02
1.084337349397590348e-02
7.817197835237522929e-03
7.936507936507936067e-03
1.032179720704310896e-02
1.064495929868503402e-02
1.155717761557177592e-02
1.400730816077953682e-02
1.225016118633139896e-02
1.076630778974034183e-02
1.565435190983093319e-02
1.165803108808290134e-02
6.711409395973154217e-03
1.199760047990401993e-02
9.815950920245399350e-03
1.314142678347934856e-02
7.277137659187386462e-03
8.433734939759036237e-03
8.168822328114362999e-03
7.826610475617098994e-03
1.627604166666666782e-02
1.307596513075965153e-02
1.102265768524188574e-02
1.063829787234042527e-02
1.098230628431970737e-02
1.025290498974709523e-02
7.859733978234582571e-03
9.803921568627450844e-03
1.273499090357792587e-02
1.558603491271820518e-02
1.335877862595419817e-02
8.201892744479495970e-03
1.279590531030070331e-02
6.802721088435373896e-03
7.662835249042145198e-03
8.836524300441826046e-03
9.809932556713672064e-03
1.296296296296296259e-02
8.419689119170984878e-03
1.346389228886168965e-02
1.275820170109356021e-02
1.299638989169675171e-02
1.367053998632945973e-02
1.030219780219780203e-02
7.047216349541931234e-03
1.684636118598382623e-02
5.409060175794455638e-03
1.079365079365079451e-02
1.402961808261886205e-02
1.053283767038413858e-02
8.962868117797695780e-03
8.227848101265823264e-03
1.093560145808019496e-02
7.289595758780649699e-03
1.744186046511627883e-02
9.715025906735751116e-03
1.617076326002587355e-02
8.652657601977749996e-03
6.857855361596009586e-03
9.993753903810118078e-03
9.981285090455396108e-03
1.040391676866585062e-02
1.328273244781783685e-02
8.212255211623499876e-03
9.621552277100705458e-03
1.686445971267957686e-02
1.056556867619639489e-02
9.708737864077669061e-03
2.035278154681139859e-02
1.413881748071979354e-02
9.953550099535501614e-03
1.374345549738219957e-02
1.336728198599618049e-02
7.712082262210796790e-03
1.387054161162483423e-02
8.658008658008658001e-03
1.508485229415462009e-02
1.299504950495049445e-02
1.734906315058986834e-02
9.715025906735751116e-03
9.253547193090684922e-03
8.922880815806246563e-03
1.048492791612057676e-02
9.960159362549800624e-03
1.215395003376097162e-02
9.855453350854139274e-03
1.049180327868852458e-02
1.233766233766233830e-02
1.202404809619238464e-02
1.147959183673469448e-02
1.225323349217154537e-02
1.098191214470284165e-02
1.549865229110512083e-02
9.791122715404700083e-03
1.236858379715522621e-02
1.839237057220708543e-02
1.289134438305709028e-02
1.002506265664160345e-02
1.175702155453951618e-02
1.007556675062972265e-02
1.222493887530562429e-02
1.444723618090452272e-02
1.169590643274853736e-02
1.484230055658627111e-02
7.832898172323759026e-03
1.436969301110385330e-02
9.416195856873822365e-03
9.049773755656109406e-03
1.753155680224403878e-02
1.354838709677419310e-02
8.108108108108108558e-03
1.326259946949602184e-02
1.251564455569461817e-02
1.134215500945179658e-02
1.038485033598045282e-02
1.499659168370824809e-02
1.802962009014810046e-02
1.277139208173691011e-02
8.620689655172413673e-03
1.404853128991060025e-02
1.449275362318840597e-02
1.704545454545454419e-02
7.712082262210796790e-03
1.084875558391831460e-02
1.187500000000000014e-02
1.441677588466579348e-02
1.423027166882276894e-02
1.304945054945054993e-02
1.162790697674418589e-02
9.071877180739706947e-03
8.160703075957313410e-03
1.678832116788321269e-02
1.104972375690607689e-02
9.715025906735751116e-03
9.264978381717109412e-03
1.347517730496453937e-02
1.213755900202292612e-02
8.259212198221092469e-03
1.007387508394895839e-02
9.364548494983276905e-03
8.104738154613466347e-03
1.403743315508021450e-02
9.733939000648929307e-03
1.004016064257028107e-02
1.912568306010929003e-02
1.216389244558258725e-02
1.769911504424778736e-02
1.160409556313993229e-02
1.024590163934426153e-02
1.081424936386768398e-02
1.050558108995403722e-02
1.139240506329113924e-02
1.091142490372272109e-02
1.253298153034300769e-02
1.567602873938602273e-02
7.638446849140674566e-03
1.471529110684581011e-02
1.248439450686641625e-02
9.283819628647214592e-03
1.088348271446862997e-02
1.129234629861982503e-02
1.740696278511404474e-02
6.586826347305388928e-03
1.648700063411540767e-02
1.300309597523219805e-02
1.102265768524188574e-02
8.690254500310365740e-03
1.494565217391304393e-02
1.316614420062695891e-02
8.711885500933417084e-03
1.283697047496790838e-02
1.476923076923076887e-02
1.095360824742267966e-02
1.042345276872964216e-02
8.866371120962635369e-03
1.210962396430847673e-02
8.152173913043478035e-03
1.490602721970187873e-02
1.272084805653710300e-02
1.272084805653710300e-02
1.726263871763255089e-02
1.085568326947637316e-02
1.465901848311026122e-02
1.168072680077871482e-02
1.592356687898089165e-02
1.452020202020202003e-02
7.845934379457917066e-03
1.100917431192660612e-02
1.091142490372272109e-02
1.601971657424522411e-02
1.869158878504672758e-02
1.141705842847548676e-02
9.671179883945842104e-03
1.314924391847468836e-02
8.547008547008547868e-03
1.156069364161849654e-02
9.668508287292817277e-03
1.232166018158236016e-02
1.183020180932498229e-02
6.309148264984226935e-03
1.395939086294416265e-02
1.459854014598540098e-02
9.708737864077669061e-03
6.489292667099286205e-03
9.421265141318977202e-03
1.464713715046604518e-02
1.048735348550277648e-02
1.800643086816720168e-02
7.843137254901960675e-03
9.043927648578810666e-03
1.223241590214067288e-02
1.330376940133037693e-02
1.484828921885087208e-02
1.327140013271400215e-02
1.145552560646900288e-02
9.640102827763495988e-03
1.532567049808429040e-02
1.366297983083929711e-02
1.092896174863387977e-02
1.124338624338624276e-02
1.241018941868060090e-02
1.045751633986928032e-02
1.413881748071979354e-02
1.086956521739130405e-02
1.189730745147150881e-02
1.170798898071625377e-02
1.060511540860885858e-02
1.162790697674418589e-02
1.264138389886892803e-02
9.135200974421437206e-03
1.399026763990267666e-02
1.334269662921348278e-02
1.493550577053632047e-02
9.981285090455396108e-03
9.352517985611510237e-03
1.105331599479843913e-02
1.494565217391304393e-02
1.450230718523401463e-02
1.363636363636363570e-02
1.740294511378848857e-02
7.653061224489795741e-03
1.225806451612903268e-02
1.361470388019060500e-02
1.235370611183355012e-02
8.586525759577278913e-03
1.219512195121951262e-02
1.152542372881355977e-02
9.478672985781991245e-03
1.387970918704560519e-02
1.251646903820816809e-02
1.850627891606080808e-02
7.105943152454780552e-03
1.175702155453951618e-02
1.302729528535980126e-02
1.846590909090909186e-02
1.314924391847468836e-02
1.483479433580579820e-02
1.199200532978014593e-02
7.015306122448979574e-03
8.312020460358057056e-03
9.646302250803859279e-03
1.369010578718108349e-02
1.075268817204301161e-02
1.174934725848563941e-02
1.280323450134770828e-02
1.150895140664961666e-02
1.252471984179301216e-02
1.484480431848852859e-02
1.017164653528289907e-02
1.256613756613756544e-02
1.757812500000000000e-02
1.008064516129032230e-02
1.428571428571428527e-02
1.358344113842173406e-02
1.066499372647427939e-02
1.565557729941291498e-02
9.433962264150943036e-03
1.269205076820307219e-02
1.569365976145637234e-02
1.310043668122270674e-02
1.419753086419753112e-02
3.921568627450980338e-03
8.000000000000000167e-03
1.023672424824056265e-02
8.492569002123142100e-03
8.109794135995008688e-03
1.124338624338624276e-02
7.628734901462173867e-03
7.147498375568550610e-03
9.049773755656109406e-03
9.065550906555090022e-03
1.370757180156658046e-02
1.307189542483660170e-02
1.360544217687074779e-02
1.492537313432835792e-02
1.455301455301455382e-02
1.269841269841269840e-02
9.111617312072892508e-03
1.251738525730180726e-02
8.597883597883597406e-03
8.108108108108108558e-03
5.671077504725898291e-03
1.205583756345177636e-02
1.569965870307167208e-02
1.527689369828134913e-02
9.382329945269742705e-03
1.035911602209944708e-02
8.290816326530612776e-03
1.206349206349206435e-02
1.654533421575115834e-02
1.521876981610653136e-02
1.327433628318584052e-02
7.343124165554071672e-03
1.134846461949265764e-02
1.287262872628726351e-02
1.288659793814432922e-02
9.493670886075949653e-03
1.386138613861386155e-02
1.225016118633139896e-02
1.627604166666666782e-02
1.117318435754189980e-02
1.340996168582375518e-02
1.431359791802212095e-02
1.000000000000000021e-02
1.097560975609756032e-02
1.298701298701298787e-02
1.185277604491578353e-02
1.019108280254777017e-02
1.598465473145780150e-02
1.103896103896103917e-02
1.197604790419161749e-02
9.646302250803859279e-03
7.591442374051069961e-03
1.158301158301158242e-02
1.181877872619829274e-02
7.387508394895903399e-03
1.068804275217100953e-02
1.206529453513129936e-02
1.269205076820307219e-02
6.147540983606557263e-03
1.385390428211586908e-02
1.609657947686116836e-02
1.368970013037809630e-02
9.150326797385621366e-03
1.010739102969046045e-02
9.980039920159680666e-03
1.471529110684581011e-02
9.493670886075949653e-03
9.627727856225931288e-03
1.281186783546864501e-02
1.339584728734092428e-02
9.451795841209829907e-03
1.622323166774821551e-02
1.071878940731399790e-02
1.109660574412532630e-02
6.281407035175879706e-03
1.228668941979522110e-02
1.077586206896551796e-02
1.733333333333333254e-02
1.253481894150417809e-02
1.388050694025346962e-02
1.285189718482252115e-02
1.112565445026177970e-02
1.364522417153996026e-02
1.155676410605030631e-02
1.107266435986159134e-02
1.438848920863309427e-02
9.683666881859263192e-03
1.239399869536855769e-02
1.114754098360655823e-02
1.021798365122615800e-02
1.272264631043256919e-02
1.084745762711864479e-02
1.442307692307692388e-02
1.198026779422128180e-02
1.166558651976668838e-02
1.295496607032695785e-02
8.991650610147719144e-03
1.753246753246753137e-02
1.753246753246753137e-02
1.187824795842613163e-02
1.204819277108433798e-02
1.691607026675341630e-02
1.311475409836065573e-02
1.155327342747111685e-02
1.034928848641655970e-02
1.265822784810126563e-02
1.332346410066617345e-02
1.429499675113710122e-02
1.419878296146044605e-02
1.136363636363636395e-02
1.256613756613756544e-02
1.393497013934970157e-02
1.118421052631578955e-02
7.343124165554071672e-03
1.297016861219195925e-02
8.684034736138945137e-03
1.308139534883720999e-02
5.968169761273209133e-03
1.202531645569620243e-02
9.635237439779766044e-03
8.317338451695457588e-03
9.168303863785200528e-03
1.040312093628088450e-02
1.210962396430847673e-02
7.926023778071333847e-03
1.197227473219911707e-02
1.001251564455569489e-02
9.445843828715366070e-03
9.345794392523363789e-03
1.082802547770700570e-02
1.370757180156658046e-02
1.320132013201320148e-02
1.475755446240337339e-02
1.534526854219948888e-02
1.103752759381898541e-02
1.069900142653352343e-02
7.024265644955300127e-03
6.944444444444444059e-03
7.055805003207183713e-03
1.390644753476611914e-02
6.788866259334691046e-03
1.456618112729575649e-02
1.327140013271400215e-02
1.246882793017456414e-02
1.083492670490758363e-02
1.006036217303822936e-02
1.016260162601625994e-02
1.275820170109356021e-02
1.250822909809084886e-02
1.290322580645161289e-02
1.319924575738529171e-02
1.004688546550569321e-02
1.434159061277705260e-02
5.401755570560432505e-03
7.831325301204819858e-03
1.289884589273591377e-02
1.502286087524493802e-02
6.794317479925880525e-03
1.047443006777572412e-02
1.450189155107187849e-02
8.217446270543615067e-03
1.773049645390071052e-02
1.020408163265306041e-02
9.796533534287867051e-03
1.124338624338624276e-02
9.472259810554804066e-03
1.241830065359477049e-02
1.124385101897399861e-02
1.095140314852840503e-02
1.077441077441077498e-02
1.114023591087811259e-02
1.181877872619829274e-02
9.132420091324200406e-03
1.026298909557408524e-02
9.414929388029590063e-03
1.529255319148936122e-02
1.309090909090909055e-02
1.280409731113956416e-02
8.748317631224763677e-03
1.479654747225647368e-02
7.994670219853431195e-03
1.347881899871630242e-02
8.344030808729139756e-03
1.243953006219765053e-02
5.475701574264202516e-03
1.098191214470284165e-02
1.019757807520713794e-02
8.344030808729139756e-03
1.095360824742267966e-02
8.917197452229299118e-03
1.465689540306462299e-02
1.024327784891165133e-02
9.180327868852459008e-03
1.381042059008160718e-02
1.102687801516195713e-02
1.215395003376097162e-02
9.259259259259258745e-03
1.451104100946372204e-02
1.152542372881355977e-02
1.149425287356321823e-02
7.599746675110829325e-03
1.601067378252168244e-02
9.277667329357190684e-03
1.273885350318471402e-02
9.720534629404616392e-03
1.139962001266624399e-02
1.211387038158691712e-02
1.271860095389507235e-02
9.055627425614488218e-03
7.843137254901960675e-03
9.129640900791236371e-03
9.410288582183186368e-03
1.441677588466579348e-02
1.279461279461279431e-02
1.362751460090850034e-02
9.240924092409241036e-03
6.553079947575360040e-03
1.218686526743398800e-02
1.276324186343331252e-02
7.716049382716048954e-03
8.381689232753062810e-03
1.091843288375080219e-02
9.383378016085790196e-03
1.272264631043256919e-02
6.979695431472081324e-03
1.353846153846153914e-02
9.144350097975179059e-03
1.164383561643835691e-02
8.181246066708620923e-03
9.683666881859263192e-03
1.080050825921219891e-02
1.425793907971484135e-02
7.318695941450432431e-03
7.037747920665387256e-03
7.472826086956521965e-03
9.287925696594426933e-03
9.516837481698389722e-03
9.210526315789472826e-03
9.416195856873822365e-03
9.784735812133071864e-03
1.011378002528445091e-02
1.214057507987220501e-02
1.755526657997399237e-02
1.197604790419161749e-02
8.905852417302798779e-03
8.034610630407910958e-03
7.756948933419521852e-03
9.003215434083600838e-03
1.226993865030674875e-02
7.476635514018691898e-03
1.049180327868852458e-02
9.108653220559531985e-03
1.273885350318471402e-02
7.427413909520594153e-03
1.064537591483699294e-02
9.566326530612245110e-03
7.377598926894701585e-03
9.578544061302681281e-03
8.530183727034120617e-03
8.563899868247694044e-03
7.375537799631222934e-03
1.310861423220973862e-02
9.721322099805572783e-03
1.261034047919293820e-02
1.321877065432914763e-02
1.399067288474350503e-02
1.185770750988142212e-02
1.716171617161716192e-02
1.282916948008102666e-02
9.595613433858807620e-03
1.200252684775742276e-02
1.146496815286624123e-02
1.125082726671078684e-02
7.542426147077310045e-03
5.483207676490747459e-03
9.049773755656109406e-03
8.871989860583016571e-03
7.886435331230283452e-03
1.209677419354838676e-02
9.609224855861627640e-03
7.889546351084813017e-03
9.582477754962353753e-03
8.988764044943821016e-03
1.021102791014295505e-02
1.156069364161849654e-02
1.053324555628703044e-02
1.685393258426966245e-02
7.124352331606217774e-03
7.180156657963446785e-03
1.268498942917547535e-02
1.222493887530562429e-02
1.101169993117687498e-02
1.071667782987273908e-02
7.019783024888321364e-03
6.489292667099286205e-03
1.228183581124757569e-02
8.877615726062142859e-03
1.264138389886892803e-02
1.264138389886892803e-02
1.147098515519568221e-02
9.696186166774402315e-03
9.457755359394703215e-03
9.198423127463863092e-03
1.166359729895641469e-02
1.306335728282168561e-02
1.443001443001443000e-02
5.913272010512483912e-03
1.304631441617742915e-02
1.383399209486166001e-02
9.186351706036745279e-03
8.360128617363344131e-03
1.560468140442132674e-02
9.907529722589167309e-03
1.704918032786885418e-02
7.362784471218205770e-03
1.068804275217100953e-02
9.114583333333333912e-03
1.300390117035110475e-02
1.310043668122270674e-02
1.548387096774193547e-02
1.073232323232323204e-02
1.312910284463894919e-02
1.132578281145902796e-02
1.023672424824056265e-02
1.715854495538778404e-02
1.500682128240109214e-02
9.168303863785200528e-03
1.020408163265306041e-02
1.198738170347003230e-02
1.263297872340425447e-02
1.303780964797913999e-02
9.993337774816788560e-03
7.594936708860759202e-03
3.761755485893416955e-03
1.674179008370894894e-02
1.330532212885154018e-02
1.139137510170870615e-02
1.064495929868503402e-02
1.902346227013316377e-02
7.623888182973316725e-03
1.565435190983093319e-02
1.126573889993373080e-02
1.328021248339973474e-02
1.167315175097276281e-02
8.310249307479224828e-03
1.155015197568389114e-02
1.153106982703395317e-02
1.156069364161849654e-02
1.048492791612057676e-02
1.352221506761107535e-02
1.601537475976937824e-02
1.388888888888888812e-02
1.040988939492517966e-02
8.280254777070063590e-03
1.584283903675538785e-02
1.102464332036316545e-02
1.154586273252084655e-02
1.217948717948717959e-02
9.314703925482368391e-03
9.765625000000000000e-03
1.077996195307545993e-02
1.485788113695090361e-02
1.206349206349206435e-02
9.061488673139158484e-03
1.012017710309930443e-02
1.057871810827629155e-02
1.018329938900203700e-02
9.940357852882704057e-03
8.354755784061695945e-03
1.532567049808429040e-02
1.156069364161849654e-02
9.677419354838710103e-03
9.322560596643878969e-03
1.561524047470331036e-02
1.425793907971484135e-02
1.295160190865712359e-02
9.174311926605505096e-03
1.543408360128617311e-02
1.092896174863387977e-02
1.287830006439149959e-02
1.225323349217154537e-02
9.966777408637873120e-03
9.345794392523363789e-03
1.027617212588310784e-02
1.230569948186528532e-02
1.591511936339522551e-02
8.426966292134831227e-03
1.310043668122270674e-02
9.973404255319149453e-03
8.724832214765099875e-03
1.122194513715710738e-02
1.113294040602488474e-02
1.142131979695431426e-02
1.236174365647364944e-02
1.258653241032095700e-02
1.127113337507827141e-02
1.045068582625734849e-02
7.773851590106007486e-03
1.006036217303822936e-02
1.036269430051813510e-02
9.308510638297871898e-03
1.377582968065122100e-02
9.138381201044386976e-03
8.695652173913043584e-03
1.386138613861386155e-02
1.761006289308176057e-02
1.310043668122270674e-02
1.161290322580645247e-02
8.810572687224670421e-03
1.267511674449633106e-02
1.102265768524188574e-02
8.233058898036731479e-03
1.652242328874901564e-02
1.467645096731154050e-02
1.224226804123711328e-02
1.093951093951093904e-02
8.502289077828645986e-03
1.120099564405725029e-02
8.984105044920524807e-03
1.400381922342457119e-02
7.926829268292683028e-03
1.139962001266624399e-02
7.133592736705576982e-03
1.190476190476190410e-02
1.248439450686641625e-02
1.174934725848563941e-02
7.968127490039840499e-03
1.177240026160889484e-02
5.308560053085600514e-03
1.386001386001385963e-02
1.212507977026164654e-02
1.104613385315139640e-02
9.395973154362415383e-03
1.448275862068965601e-02
7.973421926910298149e-03
1.704918032786885418e-02
1.515151515151515194e-02
1.281229980781550294e-02
6.203473945409429709e-03
1.622971285892634355e-02
1.205545509342977745e-02
1.302083333333333391e-02
1.542416452442159358e-02
8.338678640153944152e-03
1.479099678456591641e-02
1.259946949602122092e-02
1.127320954907161735e-02
1.322115384615384602e-02
1.299545159194281929e-02
9.468317552804078954e-03
1.084183673469387744e-02
1.252471984179301216e-02
8.480104370515328949e-03
6.545454545454545275e-03
1.118421052631578955e-02
1.161202185792349802e-02
7.712082262210796790e-03
1.080050825921219891e-02
9.834050399508296667e-03
1.698113207547169781e-02
1.075949367088607604e-02
1.409352978859705272e-02
1.381909547738693553e-02
1.175702155453951618e-02
1.435705368289637990e-02
1.108213820078226934e-02
1.024327784891165133e-02
8.458035133376708148e-03
1.467772814294830870e-02
1.191222570532915297e-02
1.435094585779517207e-02
1.082802547770700570e-02
7.644197359277275609e-03
8.360128617363344131e-03
1.387970918704560519e-02
1.233806292412091381e-02
8.059516429014259090e-03
1.049868766404199460e-02
1.055408970976253261e-02
1.350482315112540126e-02
8.695652173913043584e-03
9.931719428926132770e-03
9.063444108761330165e-03
1.236263736263736208e-02
1.422387136672850945e-02
1.100323624595469195e-02
1.346153846153846229e-02
6.523157208088714576e-03
9.392611145898559222e-03
1.430429128738621575e-02
1.270053475935828922e-02
1.184210526315789512e-02
7.607192254495158922e-03
8.717310087173101019e-03
1.336005344021376148e-02
1.629327902240325712e-02
1.369863013698630061e-02
1.422764227642276356e-02
1.422764227642276356e-02
1.377952755905511792e-02
1.476251604621309395e-02
9.465855307640297367e-03
1.277139208173691011e-02
8.695652173913043584e-03
1.227390180878553012e-02
1.250000000000000069e-02
1.084183673469387744e-02
1.237785016286644876e-02
1.296296296296296259e-02
1.375859912445278298e-02
1.032258064516129031e-02
1.023890784982935120e-02
1.513240857503152584e-02
1.081424936386768398e-02
1.420454545454545407e-02
1.318391562294001298e-02
1.325757575757575794e-02
1.132787916928886147e-02
1.720958819913952220e-02
1.165181631254283770e-02
5.882352941176470507e-03
7.712082262210796790e-03
1.236979166666666609e-02
1.802403204272363252e-02
1.532567049808429040e-02
1.315789473684210453e-02
1.134089392928619086e-02
1.255783212161269008e-02
1.210191082802547849e-02
1.111837802485284542e-02
8.141112618724558395e-03
1.142131979695431426e-02
1.378070701018574082e-02
1.306335728282168561e-02
8.274984086569063535e-03
1.230348598769651428e-02
1.126573889993373080e-02
1.607717041800642982e-02
1.031592520954223088e-02
9.940357852882704057e-03
1.025950512975256496e-02
1.053936763794172289e-02
1.116217990807616585e-02
1.629726205997392499e-02
8.788449466415567887e-03
1.270417422867513649e-02
1.400933955970647127e-02
1.139962001266624399e-02
1.405750798722044809e-02
1.746724890829694232e-02
8.849557522123893682e-03
1.084010840108401083e-02
1.467889908256880815e-02
1.296296296296296259e-02
7.222586999343401024e-03
9.253139458030404038e-03
1.316655694535878891e-02
1.577503429355281081e-02
1.155327342747111685e-02
4.961020552799432978e-03
8.724832214765099875e-03
7.905138339920948082e-03
1.172638436482084656e-02
1.228183581124757569e-02
1.447277739490006841e-02
6.218905472636816235e-03
1.226597805035506764e-02
1.464968152866242060e-02
5.996002664890072963e-03
1.099611901681759457e-02
8.580858085808580962e-03
9.762050030506405976e-03
9.535918626827717334e-03
1.397712833545108023e-02
8.739076154806492414e-03
1.481958762886597877e-02
1.447277739490006841e-02
1.584158415841584178e-02
1.168072680077871482e-02
1.441677588466579348e-02
1.114754098360655823e-02
1.094224924012157998e-02
1.255492780916509649e-02
1.856594110115237020e-02
1.744885679903730377e-02
1.332487309644670055e-02
1.503759398496240518e-02
8.403361344537814762e-03
1.089176310415248400e-02
1.230012300123001223e-02
1.066499372647427939e-02
1.544163063619518293e-02
1.205583756345177636e-02
1.095360824742267966e-02
9.096816114359973504e-03
7.284768211920530229e-03
9.144350097975179059e-03
1.189689358889623252e-02
8.777429467084639850e-03
1.349614395886889438e-02
1.829753381066030402e-02
9.759271307742355822e-03
9.523809523809524669e-03
1.165980795610425252e-02
1.363918164910105438e-02
1.109057301293900170e-02
1.050558108995403722e-02
1.536491677336747699e-02
8.883248730964467613e-03
1.718845917740945486e-02
1.207883026064844253e-02
7.198560287942411783e-03
1.081812035158891128e-02
8.985879332477535522e-03
1.685393258426966245e-02
9.108653220559531985e-03
1.198402130492676361e-02
9.108653220559531985e-03
1.096067053513861966e-02
1.397326852976913704e-02
6.305170239596469099e-03
1.191264063534083414e-02
1.095360824742267966e-02
9.868421052631578400e-03
1.412973667308927393e-02
1.019796040791841676e-02
2.061855670103092744e-02
1.237785016286644876e-02
1.301115241635687758e-02
1.170351105331599549e-02
7.180156657963446785e-03
8.010680907877170201e-03
9.803921568627450844e-03
1.974090067859346140e-02
1.453104359313077930e-02
1.182197496522948560e-02
1.276324186343331252e-02
8.421052631578947179e-03
1.113013698630136925e-02
1.342710997442455277e-02
1.082113303628262288e-02
9.575923392612858964e-03
1.117685733070348381e-02
1.299545159194281929e-02
9.927200529450695698e-03
1.038286826735885723e-02
1.462174189446916774e-02
9.392611145898559222e-03
1.157556270096462940e-02
1.053936763794172289e-02
1.038961038961038960e-02
1.745635910224438772e-02
1.005656819610308006e-02
1.431238332296204049e-02
1.463104325699745613e-02
1.141407736207989895e-02
1.425914445133292033e-02
1.689612015018773436e-02
1.682847896440129581e-02
1.867353509336767622e-02
1.809651474530831264e-02
1.158301158301158242e-02
1.240875912408759101e-02
1.154586273252084655e-02
1.747815230961298483e-02
1.204819277108433798e-02
1.095360824742267966e-02
8.338678640153944152e-03
5.765534913516976584e-03
1.081424936386768398e-02
7.397444519166106354e-03
1.547987616099071213e-02
1.061410159211523957e-02
1.167076167076167015e-02
9.572431397574984388e-03
8.474576271186440649e-03
8.212255211623499876e-03
1.319095477386934660e-02
1.535508637236084398e-02
1.127320954907161735e-02
1.938502673796791559e-02
1.396276595744680785e-02
1.246105919003115230e-02
1.006036217303822936e-02
1.716465352828989294e-02
1.082802547770700570e-02
9.167842031029618810e-03
1.207883026064844253e-02
8.099688473520249773e-03
1.443569553805774258e-02
1.369010578718108349e-02
8.113590263691683457e-03
1.813110181311018004e-02
1.535240753663642647e-02
9.308510638297871898e-03
1.603206412825651170e-02
1.286173633440514455e-02
1.236174365647364944e-02
1.236174365647364944e-02
1.640378548895899194e-02
1.087695445275322845e-02
1.170351105331599549e-02
1.565435190983093319e-02
1.358024691358024685e-02
1.165048543689320426e-02
8.217446270543615067e-03
1.080737444373808080e-02
1.531589023611997467e-02
7.722007722007722189e-03
1.334141904184354098e-02
1.600512163892445563e-02
1.058201058201058142e-02
1.518288474810213992e-02
1.594114040465971840e-02
1.151515151515151471e-02
1.146325016857720897e-02
1.335656213704994148e-02
1.502817783343769580e-02
5.674653215636822623e-03
9.756097560975609748e-03
1.142857142857142856e-02
1.002506265664160345e-02
9.247027741083223978e-03
1.289926289926289840e-02
1.100323624595469195e-02
1.254125412541254141e-02
9.101941747572814961e-03
1.328021248339973474e-02
8.968609865470851886e-03
8.365508365508365560e-03
8.524590163934427089e-03
1.166359729895641469e-02
1.237623762376237682e-02
9.973404255319149453e-03
7.751937984496123923e-03
1.495448634590377038e-02
9.416195856873822365e-03
1.267427122940430889e-02
1.086956521739130405e-02
1.045751633986928032e-02
1.042305334150827635e-02
9.090909090909090468e-03
1.375000000000000007e-02
1.312499999999999951e-02
1.755447941888619787e-02
6.203473945409429709e-03
8.054522924411399581e-03
1.055900621118012472e-02
1.488673139158576061e-02
1.162040025823111652e-02
1.581277672359266209e-02
1.015228426395939007e-02
9.870450339296730699e-03
8.604794099569761101e-03
8.155583437892095083e-03
1.165644171779141140e-02
1.114551083591331336e-02
9.003601440576229978e-03
1.131824234354194408e-02
1.471529110684581011e-02
1.321321321321321240e-02
1.029601029601029567e-02
1.126573889993373080e-02
1.087651951375559825e-02
1.209921355111917736e-02
1.516108654453569154e-02
1.462174189446916774e-02
9.265387160820648393e-03
8.000000000000000167e-03
1.084183673469387744e-02
1.408450704225352144e-02
9.259259259259258745e-03
1.290719114935463992e-02
1.286173633440514455e-02
1.005025125628140718e-02
1.215611004478566945e-02
8.953168044077135235e-03
1.453855878634639776e-02
1.042345276872964216e-02
1.180857675574891255e-02
8.301404853128991138e-03
1.548387096774193547e-02
9.575923392612858964e-03
8.507853403141361556e-03
1.256613756613756544e-02
1.373446697187704311e-02
9.535918626827717334e-03
1.338688085676037476e-02
9.715025906735751116e-03
1.174033149171270669e-02
1.239399869536855769e-02
8.458035133376708148e-03
1.434159061277705260e-02
7.628734901462173867e-03
1.144781144781144809e-02
7.863695937090431701e-03
1.198026779422128180e-02
1.295336787564766758e-02
9.572431397574984388e-03
1.030264005151320002e-02
1.203208556149732572e-02
1.098901098901098987e-02
7.284768211920530229e-03
8.569545154911008961e-03
1.234567901234567833e-02
1.165048543689320426e-02
1.295496607032695785e-02
1.152368758002560861e-02
1.428571428571428527e-02
1.057213930348258751e-02
1.274697259400892242e-02
7.481296758104737966e-03
1.452020202020202003e-02
1.636249213341724185e-02
1.111111111111111154e-02
8.894536213468869079e-03
1.281229980781550294e-02
1.247660636306924600e-02
1.493506493506493484e-02
1.948924731182795703e-02
1.346153846153846229e-02
1.782304264799490848e-02
1.456618112729575649e-02
1.030264005151320002e-02
1.046435578809679599e-02
1.017639077340569929e-02
1.493506493506493484e-02
8.425145819831496297e-03
1.336898395721925099e-02
1.343570057581573891e-02
8.831521739130434104e-03
1.219512195121951262e-02
1.207115628970775040e-02
9.364548494983276905e-03
1.476251604621309395e-02
1.581277672359266209e-02
1.217765042979942688e-02
1.422764227642276356e-02
1.257861635220125854e-02
9.493670886075949653e-03
1.642575558475689937e-02
1.288659793814432922e-02
1.490602721970187873e-02
1.208651399491094194e-02
7.473841554559042949e-03
7.343124165554071672e-03
1.610169491525423671e-02
1.246537396121883724e-02
1.297016861219195925e-02
6.130268199233716679e-03
6.781750924784216671e-03
1.178101178101178051e-02
1.212507977026164654e-02
9.161381254404511038e-03
1.630789302022178644e-02
6.979695431472081324e-03
1.212507977026164654e-02
9.640102827763495988e-03
1.546738399462004032e-02
9.975062344139650622e-03
1.125082726671078684e-02
1.352181929932390857e-02
1.007556675062972265e-02
1.241830065359477049e-02
1.473543201607501602e-02
8.660892738174550895e-03
1.048951048951048994e-02
1.202103681442524483e-02
7.432432432432432845e-03
7.905138339920948082e-03
1.514195583596214534e-02
1.282834453268173573e-02
1.265022137887412967e-02
1.091843288375080219e-02
8.298755186721991708e-03
1.169590643274853736e-02
9.560229445506692250e-03
1.108936725375081478e-02
5.423728813559322397e-03
1.096774193548387052e-02
1.169993117687542945e-02
1.270289343683839167e-02
1.597444089456868943e-02
1.310615989515072008e-02
1.605651894669235871e-02
1.498127340823970054e-02
1.189689358889623252e-02
1.153846153846153910e-02
1.775147928994082885e-02
1.330108827085852395e-02
1.108936725375081478e-02
1.019184652278177540e-02
1.119402985074626801e-02
9.240924092409241036e-03
1.573316551290119408e-02
1.122194513715710738e-02
1.809954751131221881e-02
1.034928848641655970e-02
1.034928848641655970e-02
6.845052893590541747e-03
1.111111111111111154e-02
9.907997169143666072e-03
5.948446794448116262e-03
9.603072983354672687e-03
1.337792642140468204e-02
9.621552277100705458e-03
1.375000000000000007e-02
1.222651222651222579e-02
1.352313167259786529e-02
9.721322099805572783e-03
1.264222503160556191e-02
9.253547193090684922e-03
1.073985680190930707e-02
1.336573511543134862e-02
7.907542579075426542e-03
1.436602123672704560e-02
8.793969849246231069e-03
1.912045889101338450e-02
1.017964071856287435e-02
9.529481834425253955e-03
1.579279848389134391e-02
8.474576271186440649e-03
8.777852802160701629e-03
9.213759213759213640e-03
1.065719360568383699e-02
9.975062344139650622e-03
1.066499372647427939e-02
8.604794099569761101e-03
1.059602649006622516e-02
8.084577114427860325e-03
1.556420233463035041e-02
1.047806155861165725e-02
1.277955271565495154e-02
1.103617412630288237e-02
9.079903147699757218e-03
7.398273736128236841e-03
1.159243441122635720e-02
9.073233959818535407e-03
1.019757807520713794e-02
9.061488673139158484e-03
1.308411214953271104e-02
4.867872044506258572e-03
1.150895140664961666e-02
1.381818181818181800e-02
3.300330033003300370e-03
1.170351105331599549e-02
8.991650610147719144e-03
9.392611145898559222e-03
1.162790697674418589e-02
1.202531645569620243e-02
1.269035532994923846e-02
6.777572396796056886e-03
7.509386733416770730e-03
1.121495327102803655e-02
8.905852417302798779e-03
1.065956029313790826e-02
1.533333333333333250e-02
1.525746980292434773e-02
1.148691767708998057e-02
1.084183673469387744e-02
9.308510638297871898e-03
9.993753903810118078e-03
1.091843288375080219e-02
8.376288659793814165e-03
1.128526645768025000e-02
8.766437069505321825e-03
8.441558441558440901e-03
7.712082262210796790e-03
1.353965183752417825e-02
1.071203528670447436e-02
7.528230865746549441e-03
1.006922592825676595e-02
1.124999999999999958e-02
9.369144284821986565e-03
1.134846461949265764e-02
8.146639511201628561e-03
1.190476190476190410e-02
1.235415236787920298e-02
1.180327868852459015e-02
9.511731135066581883e-03
9.603072983354672687e-03
1.236174365647364944e-02
7.488087134104833183e-03
1.263297872340425447e-02
1.125082726671078684e-02
1.228323699421965398e-02
9.472259810554804066e-03
9.861932938856015837e-03
1.231367465975372576e-02
9.572431397574984388e-03
1.057501652346331741e-02
1.274312541918175799e-02
1.082113303628262288e-02
1.077313054499366360e-02
9.728978457261987928e-03
6.036217303822937266e-03
5.188067444876783181e-03
1.532311792138574269e-02
1.283783783783783855e-02
8.016032064128255849e-03
8.016032064128255849e-03
1.036269430051813510e-02
1.318391562294001298e-02
1.608751608751608775e-02
5.442176870748298943e-03
8.855154965211891813e-03
1.468710089399744533e-02
5.336891260840559946e-03
8.430609597924772561e-03
6.662225183211192663e-03
1.040943789035392135e-02
9.735744089012517144e-03
1.073910296904611456e-02
6.464124111182934299e-03
1.562500000000000000e-02
9.339559706470981423e-03
1.700680272108843691e-02
6.346967559943582186e-03
4.123711340206185662e-03
1.525553012967200556e-02
1.132075471698113130e-02
1.307596513075965153e-02
1.061173533083645433e-02
8.306709265175718851e-03
1.088435374149659789e-02
1.048492791612057676e-02
8.760951188986232374e-03
1.288659793814432922e-02
1.314060446780551845e-02
9.655172413793104008e-03
9.560229445506692250e-03
1.019714479945615232e-02
1.068804275217100953e-02
8.179959100204499747e-03
1.004304160688665633e-02
8.614976805831677312e-03
1.262626262626262603e-02
8.136696501220504890e-03
1.600000000000000033e-02
7.633587786259541687e-03
1.363962670495333894e-02
7.220216606498195203e-03
1.054713249835200969e-02
8.005336891260841220e-03
7.107320540156360916e-03
7.623007623007623142e-03
1.631853785900783463e-02
9.308510638297871898e-03
8.450704225352111826e-03
9.327115256495668860e-03
1.213755900202292612e-02
8.010680907877170201e-03
1.300390117035110475e-02
1.376146788990825764e-02
1.268357810413885123e-02
1.458885941644562367e-02
1.112565445026177970e-02
1.251646903820816809e-02
9.595613433858807620e-03
1.230348598769651428e-02
7.270323859881031373e-03
1.249178172255095351e-02
9.446693657219973686e-03
9.590792838874680551e-03
1.152542372881355977e-02
1.398086828550404795e-02
9.078212290502794130e-03
8.707300736771601476e-03
1.145552560646900288e-02
1.021798365122615800e-02
1.367187500000000000e-02
7.147498375568550610e-03
1.735647530040053399e-02
1.041666666666666609e-02
1.116951379763469164e-02
1.024590163934426153e-02
5.340453938584779556e-03
1.339285714285714211e-02
9.213323883770375283e-03
4.791238877481176876e-03
1.630789302022178644e-02
9.810333551340744834e-03
9.699321047526673900e-03
1.051156271899088973e-02
1.242236024844720413e-02
1.033769813921433557e-02
1.561439239646978880e-02
1.429646350639578699e-02
1.256106071179344079e-02
8.540925266903915195e-03
1.341807909604519726e-02
1.602564102564102422e-02
1.283783783783783855e-02
1.079913606911447020e-02
1.457321304649548954e-02
1.370757180156658046e-02
1.559322033898305135e-02
7.601935038009675037e-03
7.601935038009675037e-03
1.029512697323266973e-02
1.606425702811244832e-02
2.002762430939226609e-02
1.304049416609471580e-02
1.343705799151343784e-02
1.208865010073875007e-02
8.651766402307137227e-03
1.447368421052631568e-02
1.140413399857448384e-02
1.509951956074124906e-02
9.447674418604650598e-03
1.474358974358974325e-02
1.671122994652406504e-02
8.258774948382657105e-03
1.413881748071979354e-02
1.165331391114348206e-02
8.777852802160701629e-03
7.862759113652608572e-03
1.374345549738219957e-02
1.419354838709677505e-02
1.098901098901098987e-02
1.657824933687002816e-02
1.429646350639578699e-02
1.108033240997229919e-02
8.801624915368991622e-03
1.316701316701316717e-02
1.127819548872180389e-02
9.681881051175657282e-03
7.432432432432432845e-03
9.271523178807947879e-03
9.357454772301933635e-03
1.048492791612057676e-02
1.232394366197183018e-02
1.119157340355497049e-02
9.784735812133071864e-03
1.277740416946872813e-02
6.008010680907877217e-03
1.633986928104575256e-02
1.309757694826457070e-02
1.704918032786885418e-02
1.213418986438258469e-02
1.171112556929082560e-02
1.067615658362989356e-02
9.247027741083223978e-03
7.412398921832884062e-03
1.119402985074626801e-02
7.741027445460942590e-03
1.373626373626373603e-02
1.162040025823111652e-02
1.051893408134642327e-02
1.105331599479843913e-02
6.020066889632106830e-03
7.645259938837920335e-03
9.628610729023384315e-03
1.213040181956027280e-02
8.676789587852494837e-03
8.293020041465100356e-03
1.620220349967595522e-02
9.640102827763495988e-03
1.353179972936400556e-02
8.953168044077135235e-03
1.543859649122807098e-02
5.878510777269758091e-03
8.000000000000000167e-03
1.792573623559539156e-02
1.082543978349120514e-02
1.411432604093154630e-02
9.096816114359973504e-03
1.356589147286821687e-02
9.517335146159076192e-03
1.373283395755305926e-02
1.573316551290119408e-02
1.253298153034300769e-02
9.627727856225931288e-03
1.297016861219195925e-02
1.103448275862068881e-02
1.416613007083065111e-02
1.268357810413885123e-02
1.383399209486166001e-02
7.941760423560555518e-03
1.363636363636363570e-02
1.421800947867298513e-02
9.823182711198428022e-03
1.265822784810126563e-02
1.480484522207267846e-02
1.254953764861294584e-02
1.615074024226110377e-02
1.254953764861294584e-02
1.116217990807616585e-02
1.395348837209302306e-02
1.149425287356321823e-02
1.377726750861079166e-02
1.424332344213649799e-02
1.162079510703363863e-02
1.939924906132665938e-02
1.429388221841051965e-02
1.088270858524788449e-02
1.652892561983471120e-02
8.626001232285889636e-03
1.219512195121951262e-02
1.435406698564593332e-02
1.288135593220338972e-02
1.176470588235294101e-02
1.305158483530143021e-02
1.090909090909090995e-02
1.200480192076830779e-02
8.928571428571428076e-03
1.864640883977900648e-02
1.042873696407879518e-02
8.135168961201501986e-03
1.129943502824858753e-02
9.535160905840285583e-03
8.923259964306960029e-03
1.784615384615384492e-02
1.077996195307545993e-02
1.756440281030444833e-02
1.372997711670480465e-02
9.328358208955223052e-03
1.065088757396449697e-02
1.017524024872809574e-02
1.402688486265341906e-02
1.197946377638334226e-02
1.416765053128689507e-02
9.970674486803519920e-03
1.200686106346483643e-02
9.781357882623705965e-03
1.088825214899713512e-02
1.456027955736750173e-02
1.086335048599199569e-02
1.225919439579684772e-02
1.767825574543311837e-02
9.912536443148687454e-03
1.023890784982935120e-02
1.169590643274853736e-02
1.325301204819277073e-02
1.296405421331761967e-02
7.602339181286549633e-03
1.489117983963344702e-02
1.565217391304347949e-02
1.215981470758540836e-02
1.168614357262103519e-02
1.131861912846632637e-02
1.752336448598130689e-02
1.071630005640157937e-02
1.087578706353749258e-02
1.344243132670952696e-02
1.490825688073394578e-02
1.324122049510650587e-02
9.866511897852581897e-03
1.385681293302540480e-02
1.303116147308781836e-02
1.220865704772475073e-02
1.201372997711670429e-02
1.594802126402835099e-02
1.233842538190364248e-02
1.398176291793313056e-02
1.282051282051282007e-02
1.438434982738780177e-02
1.104009296920395108e-02
1.154734411085450371e-02
1.529745042492917928e-02
1.002227171492204964e-02
1.562500000000000000e-02
1.231113598209289395e-02
1.183765501691093520e-02
1.311084624553039354e-02
1.146288209606986970e-02
9.529147982062780020e-03
9.190120620333142032e-03
1.170568561872909613e-02
1.356483993488876751e-02
1.107226107226107203e-02
1.404494382022471871e-02
1.733780760626398368e-02
1.154855643044619407e-02
1.661779081133919755e-02
1.121404193076547956e-02
1.573604060913705652e-02
1.239029426948889956e-02
1.091269841269841209e-02
1.218917601170160965e-02
1.518987341772151840e-02
1.262135922330097013e-02
9.945300845350571461e-03
1.485884101040118796e-02
1.145989038365720011e-02
1.322880940715335553e-02
1.405719825496849242e-02
1.517530088958660324e-02
1.209677419354838676e-02
1.390220517737296262e-02
1.558694593278129627e-02
1.213960546282245867e-02
1.152304609218436811e-02
1.371308016877637211e-02
1.466736511262441145e-02
1.266464032421479174e-02
1.160862354892205558e-02
8.303061754021795124e-03
8.303061754021795124e-03
1.120857699805068164e-02
1.215805471124620056e-02
1.085347804637395129e-02
1.191658391261171852e-02
9.905660377358490101e-03
1.202300052273915301e-02
1.098901098901098987e-02
8.628954937679770079e-03
8.920187793427229728e-03
9.318293281020108287e-03
1.018922852983988360e-02
1.288167938931297773e-02
1.324178518881804871e-02
1.338621715418939102e-02
1.479452054794520507e-02
1.261988894497728490e-02
1.146560319042871402e-02
9.090909090909090468e-03
1.215805471124620056e-02
1.261352169525731606e-02
1.096709870388833455e-02
9.130225852955309307e-03
1.050620821394460287e-02
1.314459049544994956e-02
1.514386673397274084e-02
1.001001001001000992e-02
1.180521396950319664e-02
8.317025440313111084e-03
7.414730598121601311e-03
1.079489695780176672e-02
1.082862523540489667e-02
1.127395715896279543e-02
1.266490765171503913e-02
1.244614648157012921e-02
1.285714285714285691e-02
9.644670050761422128e-03
1.467803030303030387e-02
7.812500000000000000e-03
1.049475262368815623e-02
1.007049345417925477e-02
1.022780102278010236e-02
1.281442809682012407e-02
9.368836291913214265e-03
9.415262636273537961e-03
1.257545271629778756e-02
1.200600300150075038e-02
7.702182284980744857e-03
1.225114854517611075e-02
7.572172266919072192e-03
1.344860710854947107e-02
1.229314420803782545e-02
1.238095238095238138e-02
9.652509652509652302e-03
7.735946364105209146e-03
1.534653465346534629e-02
1.071080817916260884e-02
1.294665976178146008e-02
1.108764519535374894e-02
7.225433526011560553e-03
8.268482490272373656e-03
1.481835564053537307e-02
8.742107819329771393e-03
1.380295097572584520e-02
1.268201033348990113e-02
1.523809523809523808e-02
1.371115173674588607e-02
8.224479922593130182e-03
1.449275362318840597e-02
7.504690431519699806e-03
1.149425287356321823e-02
1.417233560090703018e-02
1.016949152542372808e-02
9.573958831977022466e-03
1.244400199104031893e-02
1.239464551313832451e-02
9.971509971509971357e-03
9.871668311944718430e-03
1.419878296146044605e-02
1.218274111675126878e-02
1.002506265664160345e-02
1.382716049382716125e-02
1.076320939334637905e-02
1.159420289855072478e-02
7.545271629778672016e-03
9.429280397022333365e-03
8.312958435207823404e-03
1.197916666666666748e-02
1.103863522328148508e-02
9.132420091324200406e-03
1.035502958579881741e-02
1.005265677357587359e-02
1.418439716312056703e-02
1.151727591387080585e-02
1.880081300813008297e-02
1.241310824230387223e-02
1.113360323886639601e-02
1.001908396946564819e-02
8.767123287671232251e-03
8.799171842650103936e-03
1.226366888094021501e-02
8.955223880597015448e-03
9.471585244267197862e-03
5.552751135790004976e-03
1.308773630634997576e-02
1.155778894472361817e-02
7.523148148148147731e-03
1.275134870034330507e-02
1.479915433403805429e-02
1.156069364161849654e-02
7.352941176470588133e-03
1.001908396946564819e-02
1.079489695780176672e-02
1.128783991790661793e-02
1.217038539553752519e-02
1.643426294820717060e-02
1.099999999999999936e-02
1.024390243902439067e-02
1.186356895699456314e-02
1.577608142493638552e-02
9.354997538158542347e-03
1.066408143480368324e-02
9.278350515463917522e-03
1.489668428640076800e-02
1.447828257613579563e-02
1.269841269841269840e-02
1.343570057581573891e-02
8.595988538681948593e-03
1.304801670146137765e-02
1.213003396409509903e-02
1.195219123505976075e-02
1.203079884504331017e-02
1.034482758620689641e-02
1.166588894073728420e-02
1.208617971623751966e-02
1.050620821394460287e-02
8.771929824561403022e-03
1.361205639280505669e-02
9.962049335863377639e-03
9.049773755656109406e-03
1.523084245597334553e-02
1.776284205472875716e-02
1.265822784810126563e-02
1.401643305944900997e-02
9.555661729574773874e-03
9.208103130755065230e-03
7.329363261566651348e-03
1.004304160688665633e-02
7.748184019370460071e-03
1.360863444392304035e-02
7.718282682103232324e-03
9.254974548819990335e-03
1.067780872794800440e-02
1.237964236588720741e-02
1.053135471517472471e-02
1.167133520074696562e-02
9.601536245799327865e-03
1.409774436090225486e-02
9.253547193090684922e-03
1.030927835051546372e-02
1.099450274862568723e-02
1.148875059837242696e-02
1.339712918660287098e-02
6.582040432534085744e-03
9.727626459143969007e-03
7.978723404255318521e-03
1.350699469368065592e-02
1.303088803088803087e-02
7.228915662650602612e-03
9.891662741403673548e-03
1.120448179271708693e-02
1.512195121951219468e-02
6.954102920723227027e-03
1.060240963855421659e-02
7.827788649706457491e-03
1.275992438563327072e-02
8.700102354145342748e-03
9.621166566446182067e-03
1.236329053732762757e-02
1.389631213254943938e-02
1.509433962264150955e-02
9.976247030878859084e-03
1.252408477842003806e-02
1.282683769116921627e-02
9.490509490509490068e-03
1.153291686689091738e-02
1.283316880552813448e-02
6.799417192812044416e-03
9.936766034327009639e-03
1.192748091603053513e-02
9.708737864077669061e-03
9.624639076034648133e-03
9.727626459143969007e-03
1.211509338717819267e-02
1.161665053242981645e-02
1.544593921275535554e-02
1.058467741935483798e-02
1.176470588235294101e-02
9.661835748792270070e-03
1.529193697868396623e-02
1.529193697868396623e-02
1.423825344091124781e-02
1.142857142857142856e-02
1.055155875299760258e-02
5.308880308880308679e-03
8.133971291866028130e-03
1.393560788082652546e-02
1.201044386422976500e-02
7.010515773660490856e-03
7.932804479701353190e-03
1.240951396070320498e-02
1.350048216007714540e-02
1.152073732718894052e-02
1.179941002949852491e-02
1.600387972841901124e-02
1.079305490380103212e-02
9.808729769494850190e-03
9.523809523809524669e-03
1.082677165354330694e-02
1.042701092353525393e-02
9.072580645161290938e-03
1.050119331742243450e-02
1.085883514313919045e-02
9.250243427458617121e-03
1.224682053697597785e-02
7.476635514018691898e-03
1.261682242990654242e-02
9.372071227741330182e-03
7.532956685499058065e-03
8.154943934760449167e-03
8.916001877053027214e-03
1.023391812865497019e-02
8.699855002416627056e-03
1.085347804637395129e-02
8.953817153628652534e-03
9.669211195928752861e-03
7.205352547606794049e-03
1.011122345803842221e-02
1.122498779892630583e-02
9.727626459143969007e-03
1.275760549558390550e-02
8.072174738841406127e-03
1.010587102983638054e-02
7.149666348903718251e-03
1.294964028776978381e-02
1.163918525703200833e-02
6.274131274131273736e-03
7.852193995381062663e-03
6.918819188191881880e-03
9.514747859181731451e-03
1.185395922238027464e-02
9.483167377904220749e-03
6.909258406264394241e-03
7.966260543580131609e-03
8.240426563257392464e-03
8.658008658008658001e-03
5.774783445620788880e-03
8.329250367466928262e-03
9.650735294117647467e-03
8.727606798346347963e-03
6.704980842911877591e-03
1.093155893536121651e-02
1.298076923076923149e-02
1.363193768257059402e-02
1.113801452784503668e-02
8.720930232558139414e-03
1.184834123222748732e-02
8.968609865470851886e-03
1.644736842105263067e-02
9.267840593141797242e-03
1.014760147601475974e-02
9.306654257794323357e-03
8.121277747698971844e-03
7.197696737044146156e-03
1.063829787234042527e-02
1.247504990019960083e-02
1.179245283018868010e-02
9.891662741403673548e-03
9.808500700607193298e-03
9.120171673819742891e-03
1.165614375910636186e-02
8.604206500956022852e-03
1.318267419962335270e-02
9.952606635071090460e-03
9.849663037843441743e-03
1.525590551181102428e-02
8.644222020018198921e-03
7.952286282306162205e-03
7.326007326007326001e-03
8.510638297872340566e-03
9.319664492078284443e-03
1.194852941176470507e-02
1.270772238514174084e-02
1.188777936281502565e-02
9.732360097323601231e-03
8.587786259541985157e-03
1.117047110247693098e-02
1.393404551788202453e-02
9.169363538295576335e-03
1.374381528312259432e-02
1.125795398923152245e-02
1.580611169652265668e-02
1.449275362318840597e-02
8.525576730190571190e-03
1.070038910505836591e-02
1.226091221186856317e-02
1.079489695780176672e-02
9.866798223976319671e-03
1.317122593718338466e-02
1.139177810797424410e-02
6.856023506366307543e-03
1.266439357038480311e-02
1.282051282051282007e-02
1.050119331742243450e-02
1.195600191296030540e-02
1.031434184675835038e-02
9.775171065493646130e-03
1.086419753086419714e-02
1.190476190476190410e-02
1.246404602109300180e-02
1.661721068249258013e-02
1.268911664226451963e-02
1.407172038129823020e-02
9.542943244600702452e-03
1.046337817638266082e-02
1.288782816229116883e-02
9.196515004840271137e-03
1.256281407035175941e-02
9.859154929577465531e-03
9.746588693957114469e-03
1.336760925449871455e-02
9.542943244600702452e-03
9.688934217236103846e-03
1.215644820295983149e-02
1.043219076005961338e-02
8.641382621219394905e-03
1.236917221693625141e-02
7.554296506137866268e-03
1.023255813953488289e-02
1.384767556874381793e-02
1.075750784401613598e-02
7.537688442211054954e-03
1.106833493743984535e-02
1.146679407548972796e-02
8.886810102899905806e-03
8.547008547008547868e-03
1.220657276995305157e-02
8.056394763343403820e-03
1.191567369385884527e-02
7.688611244593945501e-03
7.431490942870413487e-03
1.015965166908563110e-02
1.084500677812923718e-02
6.280843427545985090e-03
9.528346831824678620e-03
6.140765233821445131e-03
1.243162605668821433e-02
8.928571428571428076e-03
7.211538461538461939e-03
9.606587374199450705e-03
1.316408086506817149e-02
1.211827435773145910e-02
1.060752169720347200e-02
1.169590643274853736e-02
6.779661016949152345e-03
9.886307464162136238e-03
9.945300845350571461e-03
9.205426356589148026e-03
1.265250790781744308e-02
6.224066390041493348e-03
7.889546351084813017e-03
1.031894934333958680e-02
1.478302336671435437e-02
1.083883129123468410e-02
1.224105461393596925e-02
1.107899807321772664e-02
6.009013520280420857e-03
9.722897423432182856e-03
1.455604075691411918e-02
9.246417013407304611e-03
1.072124756335282592e-02
1.057957681692732292e-02
1.111625752663270017e-02
1.155268022181146076e-02
9.250693802035152638e-03
1.425942962281508825e-02
6.737247353224253693e-03
1.413760603204524020e-02
9.977324263038548496e-03
8.571428571428571855e-03
1.185770750988142212e-02
1.128880526810912589e-02
1.119068934646374157e-02
1.095890410958904118e-02
8.808530366249419860e-03
9.354536950420953845e-03
1.158480074142724699e-02
1.210287443267776125e-02
1.180358829084041626e-02
9.442870632672331968e-03
9.442870632672331968e-03
8.823529411764705760e-03
1.320132013201320148e-02
1.274787535410764824e-02
1.306579561362575768e-02
1.238685088137208255e-02
7.425742574257425399e-03
6.682577565632457847e-03
1.219512195121951262e-02
7.515265382808830781e-03
1.483963618956438482e-02
1.439539347408829231e-02
1.297453147525228292e-02
1.180092355053873748e-02
1.093155893536121651e-02
1.311953352769679344e-02
1.022780102278010236e-02
1.210653753026634354e-02
9.836065573770492662e-03
1.110038610038610075e-02
8.628954937679770079e-03
1.071428571428571438e-02
1.609086606720303014e-02
9.794319294809011520e-03
1.250000000000000069e-02
1.582867783985102486e-02
1.390820584144645405e-02
1.086956521739130405e-02
8.087535680304472341e-03
1.510859301227573254e-02
1.302200269420745321e-02
1.140307387208725799e-02
1.192660550458715663e-02
1.048791609667122648e-02
8.152173913043478035e-03
8.008008008008007939e-03
1.050119331742243450e-02
1.289134438305709028e-02
1.177625122669283611e-02
1.144848183175709369e-02
8.122312470138557880e-03
8.490566037735848906e-03
1.234567901234567833e-02
1.202501202501202529e-02
1.142573273720814790e-02
8.591885441527447043e-03
1.424632352941176440e-02
1.375245579567779992e-02
1.461276181198246406e-02
1.311475409836065573e-02
8.812615955473097548e-03
1.213252449836677536e-02
1.070763500931098781e-02
1.190476190476190410e-02
1.199466903598400691e-02
9.277343750000000000e-03
1.034320639398213400e-02
1.217228464419475679e-02
1.374745417515274917e-02
1.029411764705882339e-02
9.562841530054645017e-03
1.116504854368931959e-02
1.164958061509785599e-02
1.196172248803827748e-02
1.425762045231071702e-02
1.175318315377081244e-02
7.677543186180421989e-03
1.103309929789368128e-02
1.157662624035281189e-02
1.297453147525228292e-02
9.419930589985126695e-03
1.220657276995305157e-02
1.203079884504331017e-02
1.241642788920725889e-02
8.212560386473430341e-03
9.713228492136910183e-03
8.208594881699662546e-03
1.267350633675316807e-02
1.132609721566776861e-02
8.430913348946135824e-03
8.106819265617548273e-03
1.006711409395973089e-02
1.083883129123468410e-02
8.200675349734683206e-03
1.291322314049586813e-02
1.126231816048803465e-02
1.084394153701084308e-02
1.481127568084089803e-02
1.107899807321772664e-02
9.690816797415782377e-03
8.497316636851520721e-03
9.139009139009139290e-03
9.760858955588092023e-03
5.003126954346466537e-03
7.568590350047303683e-03
1.262272089761570792e-02
1.259328358208955216e-02
9.196515004840271137e-03
8.792225821378991599e-03
1.294065149486836250e-02
1.229895931882686935e-02
1.000000000000000021e-02
1.111648139197680095e-02
1.101532567049808356e-02
9.826860084230228456e-03
1.072261072261072347e-02
1.322418136020151076e-02
8.344923504867872086e-03
7.626310772163965440e-03
8.691674290942360409e-03
9.606986899563319318e-03
1.138519924098671705e-02
1.263362487852283736e-02
1.521099116781158070e-02
9.938476100331283120e-03
1.217312894499549165e-02
1.426533523537803182e-02
9.082217973231358418e-03
1.732786137710898289e-02
9.416195856873822365e-03
9.947891994315489692e-03
9.578544061302681281e-03
6.259027443428021205e-03
1.274509803921568610e-02
8.633824276282377197e-03
9.661835748792270070e-03
1.170411985018726675e-02
6.963788300835654400e-03
1.018990273274664182e-02
9.700176366843032971e-03
8.288639687957094493e-03
1.123595505617977497e-02
9.017132551848511951e-03
1.394052044609665406e-02
1.275992438563327072e-02
1.061678463094034401e-02
1.099952175992348173e-02
8.288639687957094493e-03
1.001430615164520740e-02
1.396648044692737345e-02
9.910335063709297537e-03
1.361502347417840354e-02
8.604206500956022852e-03
1.104972375690607689e-02
1.174260216063879696e-02
8.064516129032257841e-03
1.345707656612529085e-02
1.262862488306828838e-02
1.346957733395262417e-02
1.403326403326403404e-02
1.037549407114624588e-02
5.982512655315232360e-03
1.506161570059333724e-02
8.780036968576709899e-03
8.498583569405099986e-03
1.289324394017534771e-02
8.976660682226212176e-03
9.302325581395348708e-03
1.091599430469862402e-02
1.257253384912959335e-02
1.645692158760890533e-02
8.403361344537814762e-03
1.245210727969348584e-02
1.317647058823529470e-02
6.079027355623100280e-03
1.004304160688665633e-02
1.129943502824858753e-02
9.254974548819990335e-03
1.252408477842003806e-02
1.198402130492676361e-02
5.797101449275362389e-03
1.139601139601139658e-02
1.134816159782115266e-02
1.200768491834774271e-02
1.104176668266922644e-02
1.011560693641618512e-02
9.442870632672331968e-03
1.206973625391148837e-02
1.278538812785388196e-02
1.398601398601398600e-02
9.564801530368245361e-03
1.216658867571361775e-02
1.133679735474728452e-02
9.784735812133071864e-03
6.349206349206349201e-03
1.247600767754318551e-02
9.504752376188094556e-03
1.154401154401154400e-02
1.138519924098671705e-02
1.115241635687732290e-02
1.113924050632911396e-02
9.359605911330049627e-03
1.165048543689320426e-02
1.418439716312056703e-02
1.266439357038480311e-02
1.026598226784881072e-02
1.290014333492594395e-02
1.357246728065923495e-02
1.121951219512195078e-02
1.252408477842003806e-02
1.252408477842003806e-02
1.151079136690647507e-02
1.369141653501843026e-02
9.578544061302681281e-03
1.561712846347607098e-02
8.933002481389578156e-03
1.037549407114624588e-02
1.065449010654490047e-02
7.854688267059400930e-03
8.767881864328565256e-03
1.299907149489322108e-02
1.528485409911996273e-02
7.951356407857811462e-03
7.159904534606205580e-03
1.170160897123354547e-02
1.124694376528117407e-02
1.055662188099808045e-02
8.049242424242424032e-03
1.012048192771084279e-02
5.612244897959183312e-03
8.995502248875561491e-03
1.139601139601139658e-02
1.194457716196846604e-02
6.972111553784860437e-03
8.924377642085486173e-03
9.505703422053231669e-03
1.092636579572446587e-02
1.289728235836020212e-02
1.367924528301886836e-02
1.004107713372889149e-02
1.203610832497492393e-02
9.452736318407959498e-03
1.097393689986282499e-02
9.411764705882352117e-03
1.227573182247403139e-02
9.952606635071090460e-03
9.586276488395559583e-03
1.203703703703703706e-02
1.296896711440481686e-02
1.192748091603053513e-02
1.592193117616846551e-02
1.127289807421324487e-02
1.335240820219361045e-02
1.494768310911808590e-02
9.354536950420953845e-03
1.378043178686265587e-02
1.309586170770036737e-02
1.431601272534464495e-02
8.312958435207823404e-03
9.781089892873778141e-03
1.266416510318949321e-02
1.172447484123106953e-02
8.735632183908045162e-03
1.311030741410488219e-02
1.453104359313077930e-02
1.067780872794800440e-02
1.041173686701372426e-02
1.437066402378592636e-02
9.095502779181405262e-03
1.308411214953271104e-02
1.131008482563619286e-02
8.823529411764705760e-03
1.358832410669350704e-02
1.127649977447000434e-02
1.218917601170160965e-02
1.503053076561766156e-02
1.243424198947871810e-02
1.204301075268817203e-02
1.148897058823529493e-02
1.073345259391770938e-02
1.449275362318840597e-02
8.356545961002785974e-03
8.329477093937991128e-03
1.573676680972818306e-02
1.259916005599626652e-02
1.361867704280155661e-02
1.553220648698035687e-02
1.173158141717503544e-02
1.266439357038480311e-02
1.493975903614457902e-02
1.337448559670781877e-02
9.633911368015413493e-03
1.126126126126126073e-02
1.368570080226521983e-02
1.090564248458985273e-02
7.844946931241348134e-03
1.136901942207484660e-02
1.165146909827760938e-02
8.595988538681948593e-03
1.359587435536802578e-02
1.021355617455895967e-02
1.332017760236803121e-02
1.472828847130523179e-02
7.966260543580131609e-03
9.350393700787402312e-03
1.273584905660377423e-02
8.490566037735848906e-03
1.290630975143403428e-02
1.138519924098671705e-02
1.210428305400372377e-02
1.463860933211344993e-02
1.274185936762623796e-02
1.328273244781783685e-02
1.220657276995305157e-02
1.557338367154318011e-02
1.139471285323609764e-02
1.148325358851674631e-02
1.237396883593033965e-02
1.104176668266922644e-02
9.077878643096034053e-03
1.096391046139789938e-02
1.096391046139789938e-02
1.461574728901461617e-02
1.429933269780743650e-02
9.250243427458617121e-03
1.077902988731014276e-02
1.377018043684710355e-02
1.215521271622253471e-02
1.395348837209302306e-02
1.173708920187793367e-02
1.013513513513513570e-02
1.062846580406654265e-02
9.578544061302681281e-03
1.163354338342219990e-02
1.143641354071363303e-02
1.275389702409069487e-02
1.350093109869646146e-02
1.470588235294117627e-02
1.163918525703200833e-02
1.136363636363636395e-02
1.006864988558352388e-02
1.129411764705882427e-02
1.429252024773701793e-02
1.017105871474803525e-02
1.039313149570718527e-02
8.882655446470313562e-03
1.316431009263773801e-02
1.591760299625468236e-02
8.137865007180469096e-03
1.108033240997229919e-02
1.109503135552339544e-02
1.183151916706105117e-02
1.380952380952380973e-02
1.685934489402697578e-02
1.257202723939235267e-02
1.453884597910040828e-02
8.953817153628652534e-03
1.054650047938638507e-02
1.267541874151199670e-02
9.248554913294798271e-03
9.259259259259258745e-03
1.606621226874391586e-02
1.057471264367816112e-02
1.467971530249110278e-02
8.042895442359249483e-03
7.390300230946882099e-03
1.164021164021163991e-02
1.413588691290469657e-02
1.270417422867513649e-02
9.411764705882352117e-03
1.208594449418084159e-02
1.049117787315212262e-02
8.767881864328565256e-03
1.071262226362366086e-02
9.345794392523363789e-03
1.328903654485049865e-02
1.409774436090225486e-02
1.157943492357572934e-02
1.327231121281464456e-02
1.122544434050514427e-02
1.257545271629778756e-02
1.548886737657308860e-02
7.092198581560283516e-03
1.149954001839926382e-02
1.084812623274161725e-02
1.330603889457523080e-02
1.408450704225352144e-02
1.546640889318511361e-02
1.609935602575897004e-02
8.256435162700340516e-03
1.272015655577299342e-02
1.380452788514632823e-02
1.600387972841901124e-02
9.380863039399625625e-03
1.511457825450999472e-02
1.369216241737488196e-02
1.165614375910636186e-02
1.115421920465567429e-02
9.030418250950569478e-03
1.346633416458852851e-02
1.107594936708860764e-02
9.319664492078284443e-03
1.200192030724915940e-02
9.671179883945842104e-03
9.086778736937755827e-03
1.236021188934667385e-02
1.393404551788202453e-02
1.057184046131667485e-02
9.877704609595484506e-03
1.612160294795025178e-02
1.612160294795025178e-02
1.005025125628140718e-02
9.448818897637795144e-03
1.339491916859122424e-02
8.329250367466928262e-03
1.924882629107981316e-02
1.004566210045662079e-02
1.345506967803940419e-02
1.532377656945130978e-02
1.327014218009478670e-02
1.181911613566289862e-02
7.352941176470588133e-03
9.546539379474940773e-03
9.319664492078284443e-03
1.013513513513513570e-02
1.035103510351035108e-02
1.130198915009041592e-02
1.567542646380820637e-02
1.115241635687732290e-02
9.762900976290097080e-03
1.871782873186710397e-02
1.354507239607660035e-02
8.820798514391828965e-03
1.574074074074073917e-02
1.101422670949976992e-02
9.975062344139650622e-03
8.294930875576037727e-03
1.449275362318840597e-02
1.069270106927010765e-02
1.578458681522748250e-02
1.130710085933966588e-02
1.090909090909090995e-02
1.024685607824871864e-02
1.474530831099195652e-02
9.473684210526316443e-03
7.796257796257796691e-03
1.263453439401029423e-02
1.610676484123331823e-02
1.354620222544750813e-02
1.486988847583643053e-02
1.508515815085158078e-02
1.207617278216442137e-02
1.142546245919477677e-02
1.046882111970869403e-02
9.947891994315489692e-03
1.600800400200099935e-02
1.508916323731138501e-02
1.074743527112848041e-02
1.244019138755980865e-02
9.919697685403874171e-03
7.985803016858916692e-03
1.114723641430562066e-02
7.819687212511500229e-03
1.302460202604920417e-02
1.027077497665732954e-02
1.282051282051282007e-02
1.242937853107344698e-02
1.247848537005163440e-02
1.328903654485049865e-02
1.012048192771084279e-02
1.232811759127548645e-02
9.971509971509971357e-03
8.720930232558139414e-03
1.387559808612440215e-02
8.870214752567693456e-03
1.039206424185167704e-02
1.008249312557286947e-02
8.991008991008991869e-03
1.508722300801508716e-02
7.747933884297520876e-03
1.026392961876832800e-02
9.287925696594426933e-03
1.026694045174537939e-02
1.077199281867145461e-02
1.100412654745529586e-02
9.021842355175687875e-03
1.295696436834798716e-02
1.064859632139399798e-02
8.920187793427229728e-03
1.085417649834827768e-02
1.079136690647482071e-02
9.740259740259740034e-03
9.241245136186770556e-03
1.182592242194891244e-02
1.153291686689091738e-02
1.478060046189376420e-02
1.063315611406476582e-02
1.154734411085450371e-02
7.441860465116279487e-03
9.446693657219973686e-03
8.566275924256086527e-03
1.230477993374349231e-02
1.333333333333333419e-02
1.641718976339932509e-02
1.099952175992348173e-02
1.459510357815442527e-02
1.031390134529147976e-02
1.086956521739130405e-02
1.518747033697199871e-02
9.794776119402985592e-03
8.731617647058823733e-03
9.009009009009008931e-03
1.575931232091690518e-02
1.400966183574879273e-02
7.568590350047303683e-03
1.122498779892630583e-02
1.149425287356321823e-02
9.560229445506692250e-03
1.081335213916314111e-02
1.429252024773701793e-02
1.407083939835031619e-02
1.229709788489916425e-02
1.014983083615273070e-02
1.405038759689922548e-02
1.439205955334987679e-02
8.530805687203791079e-03
1.272384542884071566e-02
1.346957733395262417e-02
9.551098376313276600e-03
1.357466063348416324e-02
1.168539325842696611e-02
8.498583569405099986e-03
7.215007215007215001e-03
1.569653368214519312e-02
1.367279585101367247e-02
1.015697137580794107e-02
1.217137293086660230e-02
1.219512195121951262e-02
1.431980906921241116e-02
1.089918256130790152e-02
1.012891344383057106e-02
7.162041181736794951e-03
1.189931350114416427e-02
8.153477218225419626e-03
1.440329218106995920e-02
1.239100504818724247e-02
1.548568747067104699e-02
1.222618441161487518e-02
1.372031662269129239e-02
1.369237790963030547e-02
1.198709082526509991e-02
7.797270955165691575e-03
1.269393511988716437e-02
1.149933657673595823e-02
1.171508903467666403e-02
8.575512148642210064e-03
1.193207893529141771e-02
9.286412512218964257e-03
1.257861635220125854e-02
1.202501202501202529e-02
1.122140699179974103e-02
1.316944688323090466e-02
1.156583629893238353e-02
1.030927835051546372e-02
1.164874551971326229e-02
1.204819277108433798e-02
1.046124583927722333e-02
8.355321020228671791e-03
1.028718388341191663e-02
1.363636363636363570e-02
1.013357899585444477e-02
1.227897838899803459e-02
1.324200913242009128e-02
9.300265721877767899e-03
7.492507492507492935e-03
1.189931350114416427e-02
8.940545373267768520e-03
1.006864988558352388e-02
1.477170993733213991e-02
8.695652173913043584e-03
1.306579561362575768e-02
7.497656982193064840e-03
1.388888888888888812e-02
1.293900184842883619e-02
1.171698963497070679e-02
7.685352622061482515e-03
1.027703306523681907e-02
1.420959147424511598e-02
8.747697974217311448e-03
1.344215074411905970e-02
1.075268817204301161e-02
1.279707495429616149e-02
1.102434542949012365e-02
8.683729433272394799e-03
1.134215500945179658e-02
8.628519527702089784e-03
9.580291970802920151e-03
8.149568552253115897e-03
9.905660377358490101e-03
1.317027281279397992e-02
1.002178649237472734e-02
1.248328131966116791e-02
1.118359739049394272e-02
1.447963800904977436e-02
1.109631602308033815e-02
1.054481546572934997e-02
1.277955271565495154e-02
1.351960342496620095e-02
1.106427818756585899e-02
1.355013550135501441e-02
1.355013550135501441e-02
9.753831862517417864e-03
1.380579843534284444e-02
7.929104477611940635e-03
1.108033240997229919e-02
1.023255813953488289e-02
1.243891603731674816e-02
1.625659050966608149e-02
1.150483202945237066e-02
9.743589743589744015e-03
1.195219123505976075e-02
1.297497683039851649e-02
8.264462809917355601e-03
8.747697974217311448e-03
1.113689095127610128e-02
9.425070688030159557e-03
1.303538175046554948e-02
9.545454545454546205e-03
1.248843663274745545e-02
1.035103510351035108e-02
1.254826254826254747e-02
1.593625498007968100e-02
1.089423513390830670e-02
1.102941176470588307e-02
9.782125389061804496e-03
1.148409893992932869e-02
1.467216872994039391e-02
1.602136181575434040e-02
1.198202695956065815e-02
8.874357776739841969e-03
1.063337956541839970e-02
1.094091903719912433e-02
1.135847342117219522e-02
8.423022929340197307e-03
1.026119402985074640e-02
9.878760664571172717e-03
1.371681415929203521e-02
1.118677042801556436e-02
1.462264150943396249e-02
1.100412654745529586e-02
1.641526175687666247e-02
1.203007518796992553e-02
8.652094717668487936e-03
1.023731968357375482e-02
1.176470588235294101e-02
9.523809523809524669e-03
1.002865329512894060e-02
1.090047393364928889e-02
6.975585450921774171e-03
1.216089803554724035e-02
1.370488807674737249e-02
8.315098468271334836e-03
1.039206424185167704e-02
9.981851179673321278e-03
1.225259189443920864e-02
1.067285382830626510e-02
1.194457716196846604e-02
1.188777936281502565e-02
5.798394290811774952e-03
1.291759465478841892e-02
1.040253279059249157e-02
1.189387008234217731e-02
1.104972375690607689e-02
1.124567474048442962e-02
1.057471264367816112e-02
1.116279069767441880e-02
1.505757307351638687e-02
7.713248638838475849e-03
1.341350601295097054e-02
1.010564997703261407e-02
1.091226538629419540e-02
9.817045961624274938e-03
9.420631182289213729e-03
7.992895204262877307e-03
1.206434316353887336e-02
1.303956834532374147e-02
1.103646833013435628e-02
1.050708085883965241e-02
1.425287356321839130e-02
1.078293483356774531e-02
1.372997711670480465e-02
1.198709082526509991e-02
1.146788990825688137e-02
1.390820584144645405e-02
8.944543828264758106e-03
1.315192743764172396e-02
1.170351105331599549e-02
1.143118427069044277e-02
9.030418250950569478e-03
1.196502531063046472e-02
1.078028747433264906e-02
1.178689297501178679e-02
1.351351351351351426e-02
9.289363678588017509e-03
1.107011070110701031e-02
9.468700683850604649e-03
1.172447484123106953e-02
1.294498381877022715e-02
7.981220657276995659e-03
1.055045871559633086e-02
1.172607879924953030e-02
1.011122345803842221e-02
1.216764308246958033e-02
1.037906137184115528e-02
1.165614375910636186e-02
1.108033240997229919e-02
1.412944393801276143e-02
1.181818181818181795e-02
1.057471264367816112e-02
1.203744984395898297e-02
1.410105757931844929e-02
1.128158844765343033e-02
1.186521120075937318e-02
7.429420505200593980e-03
8.988764044943821016e-03
9.438202247191010419e-03
1.232314011866727545e-02
1.409774436090225486e-02
1.172755976544880528e-02
1.092117758784425484e-02
1.183970856102003685e-02
1.010564997703261407e-02
1.048313582497721087e-02
8.853681267474371175e-03
1.135331516802906386e-02
1.613668723303274960e-02
8.962264150943395971e-03
8.200922603792926494e-03
1.088435374149659789e-02
7.511737089201877757e-03
1.288541187298665458e-02
8.415147265077138616e-03
1.351351351351351426e-02
1.221166892808683846e-02
1.002734731084776662e-02
1.072761194029850720e-02
1.404358353510895899e-02
9.686346863468635326e-03
1.006711409395973089e-02
1.491862567811934846e-02
9.747452370403189223e-03
1.291512915129151319e-02
1.165737455651292415e-02
1.427255985267034989e-02
1.135241855873642645e-02
9.283819628647214592e-03
9.672961768770152458e-03
9.564801530368245361e-03
8.446738620366024686e-03
8.078994614003590091e-03
8.877052818464270176e-03
1.719330855018587345e-02
1.048617731172545205e-02
1.258426966292134838e-02
8.317025440313111084e-03
1.115241635687732290e-02
8.636363636363636465e-03
1.277372262773722629e-02
1.324200913242009128e-02
9.125840537944284250e-03
8.960573476702508519e-03
8.372093023255814531e-03
9.990485252140818978e-03
1.168770453482935977e-02
1.108156028368794364e-02
1.070265239646347143e-02
9.589041095890411467e-03
1.083521444695259572e-02
1.743264659270998482e-02
8.941176470588235378e-03
1.204281891168599433e-02
9.589041095890411467e-03
1.235697940503432436e-02
1.928504233301975637e-02
7.088846880907372430e-03
7.604562737642585508e-03
1.051188299817184570e-02
1.305483028720626562e-02
1.044979554747841807e-02
1.094391244870041024e-02
8.605072463768115992e-03
9.537434430138292188e-03
1.046622264509990477e-02
1.185958254269449744e-02
9.952606635071090460e-03
1.472618499769903430e-02
1.297453147525228292e-02
8.438818565400843172e-03
1.297497683039851649e-02
7.673860911270983381e-03
7.870572802798425985e-03
1.397298556124825300e-02
1.227272727272727196e-02
8.455718736092568064e-03
8.510638297872340566e-03
1.016349977905435346e-02
1.008249312557286947e-02
1.204819277108433798e-02
1.151315789473684147e-02
1.054562127464465926e-02
1.054562127464465926e-02
9.433962264150943036e-03
1.218323586744639309e-02
1.059419622293873708e-02
1.453634085213032640e-02
1.050708085883965241e-02
9.350163627863486773e-03
1.063337956541839970e-02
1.425287356321839130e-02
9.593421653723161954e-03
1.228070175438596492e-02
1.234003656307129833e-02
9.442446043165467900e-03
1.196808510638297865e-02
9.990917347865576822e-03
1.178689297501178679e-02
1.179941002949852491e-02
1.300650325162581306e-02
7.376671277086214659e-03
1.246537396121883724e-02
1.203146691346598796e-02
1.117589893100097258e-02
1.531620553359683799e-02
1.046405823475887210e-02
1.273584905660377423e-02
8.992805755395683054e-03
1.294642857142857227e-02
1.169590643274853736e-02
1.100412654745529586e-02
1.334560515416474864e-02
1.210762331838565083e-02
1.080827067669172872e-02
1.090274749236807596e-02
1.136860515959772604e-02
1.271186440677966184e-02
1.273605621431708398e-02
1.030004478280340321e-02
1.271186440677966184e-02
9.103977000479155854e-03
1.044504995458673917e-02
1.346957733395262417e-02
1.267541874151199670e-02
1.640881387716830800e-02
1.034172661870503586e-02
1.298099211868335677e-02
1.503053076561766156e-02
1.193207893529141771e-02
1.232314011866727545e-02
1.238095238095238138e-02
1.186131386861313808e-02
8.322382829610161514e-03
1.111625752663270017e-02
8.100810081008101224e-03
9.674582233948987933e-03
1.194304088194763497e-02
1.094391244870041024e-02
1.145213009619789300e-02
1.082862523540489667e-02
1.151461470327723620e-02
1.168770453482935977e-02
1.241379310344827534e-02
1.234003656307129833e-02
1.204281891168599433e-02
1.339491916859122424e-02
8.632439800090867255e-03
1.004784688995215280e-02
9.394081728511038260e-03
1.368613138686131450e-02
1.378579003181336186e-02
9.341199606686332799e-03
1.283226397800183403e-02
1.108033240997229919e-02
1.335789958544449617e-02
9.095043201455207255e-03
1.007326007326007390e-02
1.262967974740640542e-02
1.244444444444444374e-02
1.140510948905109484e-02
1.118133203694701011e-02
1.311475409836065573e-02
1.161170459823502102e-02
1.517911353976927717e-02
1.055530059660394690e-02
1.339764201500535934e-02
1.572327044025157231e-02
1.259328358208955216e-02
9.000473709142586820e-03
1.063337956541839970e-02
9.387572641931157813e-03
1.089918256130790152e-02
1.139601139601139658e-02
1.443202979515828717e-02
1.248843663274745545e-02
1.159980666988883434e-02
8.083689966714217162e-03
1.407172038129823020e-02
6.805807622504537156e-03
1.651722510618216025e-02
1.087449025826914446e-02
1.301615798922800722e-02
1.144848183175709369e-02
1.127819548872180389e-02
1.008711600183402092e-02
1.269841269841269840e-02
1.058710298363811295e-02
1.411557123952359924e-02
1.309823677581863945e-02
1.342925659472422005e-02
1.389511429852084354e-02
9.004739336492890295e-03
1.115241635687732290e-02
1.177536231884057996e-02
1.146679407548972796e-02
1.570438799076212533e-02
1.185590515275877777e-02
1.039313149570718527e-02
1.288541187298665458e-02
1.689497716894977283e-02
1.338255652976465086e-02
1.368049426301853541e-02
1.391554702495201475e-02
1.168770453482935977e-02
1.200369344413665731e-02
1.163354338342219990e-02
9.826860084230228456e-03
1.355140186915887793e-02
1.373106060606060601e-02
1.049748973071656759e-02
1.308773630634997576e-02
1.003344481605351196e-02
1.458434613514827428e-02
1.057268722466960312e-02
8.522727272727272096e-03
1.228948566226672687e-02
1.474201474201474252e-02
1.302605210420841597e-02
1.418439716312056703e-02
1.475487862922417875e-02
9.501187648456057427e-03
1.112656467315716220e-02
1.180698151950718665e-02
1.314553990610328564e-02
1.092657342657342608e-02
8.836524300441826046e-03
9.966777408637873120e-03
1.094196003805899230e-02
1.549295774647887342e-02
9.541117673784642664e-03
1.132246376811594200e-02
1.268201033348990113e-02
1.180744777475022621e-02
9.496676163342829616e-03
1.348210134821013415e-02
1.200192030724915940e-02
7.837713231904103184e-03
1.279122887163088203e-02
1.233439926907263506e-02
1.959869342043863913e-02
9.062075215224285607e-03
1.308664259927797870e-02
1.013171225937183409e-02
1.366120218579234928e-02
1.153668666359021662e-02
1.318181818181818170e-02
1.268796992481202937e-02
1.136363636363636395e-02
1.318267419962335270e-02
1.338255652976465086e-02
1.327643432906590835e-02
1.688888888888888731e-02
1.386896221903395447e-02
1.491819056785370634e-02
1.054746358613761932e-02
1.461038961038961005e-02
1.241379310344827534e-02
1.290963257199602768e-02
9.200968523002421226e-03
1.281464530892448446e-02
1.362781954887217969e-02
1.307189542483660170e-02
1.325757575757575794e-02
1.185050136736554190e-02
1.085417649834827768e-02
7.055503292568203466e-03
1.170731707317073170e-02
1.095530236634531182e-02
1.302325581395348889e-02
1.129111438389788884e-02
9.794776119402985592e-03
1.279014684983420178e-02
6.445672191528545140e-03
9.496676163342829616e-03
1.483541956420954960e-02
1.225601452564684460e-02
1.251738525730180726e-02
1.122019635343618482e-02
8.284600389863547298e-03
1.375711574952561723e-02
8.483033932135728913e-03
9.981851179673321278e-03
9.981851179673321278e-03
1.036502929247408791e-02
1.428571428571428527e-02
1.254064096609382173e-02
1.284993116108306549e-02
1.152737752161383210e-02
1.312705110173464570e-02
9.569377990430621636e-03
1.363016810540663287e-02
8.550855085508551195e-03
1.386962552011095778e-02
1.402805611222444904e-02
1.166044776119403055e-02
1.136363636363636395e-02
1.447921531994395168e-02
1.083521444695259572e-02
1.239100504818724247e-02
1.356407857811038273e-02
1.100917431192660612e-02
1.039697542533081324e-02
1.056499770326136886e-02
9.220839096357768758e-03
1.156336725254394036e-02
1.062846580406654265e-02
1.705565529622980400e-02
1.939953810623556638e-02
1.200192030724915940e-02
1.394230769230769308e-02
1.200923787528868428e-02
1.075268817204301161e-02
1.765375854214122978e-02
1.462904911180773308e-02
1.595495072735804779e-02
1.232227488151658827e-02
1.041666666666666609e-02
1.230068337129840497e-02
1.118067978533094850e-02
1.042160113690194199e-02
1.179245283018868010e-02
9.306654257794323357e-03
1.369863013698630061e-02
1.664355062413314795e-02
1.107521919704660893e-02
1.171508903467666403e-02
9.760425909494233054e-03
1.456953642384106046e-02
1.293487957181088319e-02
1.524535493091948475e-02
1.589527816736792734e-02
1.249421564090698669e-02
1.436093824796553370e-02
1.066790352504638252e-02
1.273046532045654135e-02
1.417099669343410522e-02
1.258426966292134838e-02
1.388888888888888812e-02
1.106833493743984535e-02
8.539325842696629879e-03
1.188118811881188133e-02
8.083689966714217162e-03
9.666505558240695573e-03
1.611226611226611316e-02
1.215121512151215097e-02
1.114723641430562066e-02
1.289134438305709028e-02
9.518773135906927543e-03
1.041666666666666609e-02
1.366520253782332883e-02
1.401214385801027515e-02
1.188903566710700077e-02
1.615969581749049366e-02
1.083372585963259492e-02
1.236830050389372410e-02
1.214181641573579447e-02
1.066790352504638252e-02
1.463860933211344993e-02
5.280844935189630412e-03
1.613626176602420484e-02
1.343836886005560748e-02
1.522359657469077136e-02
1.152737752161383210e-02
1.285714285714285691e-02
1.194624191139870631e-02
1.743027888446214979e-02
9.429514380009430125e-03
1.445221445221445307e-02
1.491188431992769917e-02
9.545454545454546205e-03
1.053639846743295062e-02
1.593433124094640121e-02
1.557338367154318011e-02
9.170105456212745976e-03
1.579191825359962942e-02
1.544220870379035999e-02
1.372549019607843118e-02
7.173601147776183587e-03
1.395572666025023979e-02
1.374407582938388592e-02
1.251251251251251327e-02
1.241927471435668243e-02
1.385041551246537356e-02
1.326129666011787757e-02
1.299303944315545294e-02
1.225836869401225777e-02
9.887005649717514957e-03
1.561782269177767503e-02
1.521438450899031784e-02
1.489572989076464772e-02
1.573676680972818306e-02
1.353179972936400556e-02
1.359516616314199351e-02
1.399906672888474174e-02
1.593625498007968100e-02
1.443078567610903314e-02
1.089531027948839430e-02
1.178133836003769988e-02
1.444695259593679372e-02
1.267605633802816947e-02
1.336073997944501462e-02
1.335877862595419817e-02
1.449275362318840597e-02
1.136880400181900820e-02
1.535597952536063224e-02
1.348837209302325597e-02
8.899297423887588682e-03
1.609086606720303014e-02
9.250693802035152638e-03
1.107366393837265310e-02
1.297497683039851649e-02
1.325130146710837634e-02
1.493212669683257991e-02
7.996446023989337362e-03
8.454673555659934087e-03
1.769911504424778736e-02
1.312591152163344703e-02
1.367924528301886836e-02
1.659751037344398342e-02
1.274465179790623508e-02
8.053055423969682214e-03
1.272384542884071566e-02
1.601164483260553162e-02
1.381851681252878848e-02
1.554404145077720178e-02
1.138952164009111694e-02
9.478672985781991245e-03
1.244400199104031893e-02
1.315789473684210453e-02
1.084812623274161725e-02
1.104972375690607689e-02
1.307189542483660170e-02
1.498127340823970054e-02
1.097328244274809080e-02
1.014415376401494977e-02
1.080319398778769452e-02
1.455399061032863935e-02
1.465201465201465200e-02
1.148875059837242696e-02
1.102434542949012365e-02
1.334604385128694039e-02
1.756097560975609928e-02
1.179941002949852491e-02
1.247504990019960083e-02
1.289134438305709028e-02
1.495327102803738380e-02
1.282660332541567770e-02
1.196410767696909350e-02
1.418439716312056703e-02
1.493233784414372406e-02
8.470588235294116905e-03
1.240808823529411693e-02
9.429514380009430125e-03
1.216658867571361775e-02
1.862464183381088920e-02
1.397025687246507449e-02
1.230477993374349231e-02
1.289134438305709028e-02
1.383508577753182062e-02
1.319381255686988101e-02
9.245742092457421429e-03
1.380295097572584520e-02
1.309022907900888287e-02
1.327643432906590835e-02
1.092636579572446587e-02
1.060240963855421659e-02
1.024685607824871864e-02
9.153318077803203681e-03
1.055662188099808045e-02
1.220703125000000000e-02
1.540552786588128727e-02
1.520036849378166716e-02
1.114578689255461483e-02
1.272727272727272770e-02
1.314000906207521586e-02
1.428571428571428527e-02
1.042138649750793018e-02
1.038374717832957032e-02
1.633393829401088779e-02
1.410437235543018399e-02
1.791312136139722178e-02
1.369863013698630061e-02
1.369863013698630061e-02
1.191567369385884527e-02
1.222272521502942508e-02
1.191658391261171852e-02
1.128880526810912589e-02
1.245210727969348584e-02
1.170411985018726675e-02
1.342925659472422005e-02
1.118067978533094850e-02
8.948545861297538956e-03
1.155268022181146076e-02
1.098901098901098987e-02
1.239029426948889956e-02
1.091599430469862402e-02
1.103448275862068881e-02
1.254646840148698934e-02
1.423825344091124781e-02
1.332720588235294067e-02
1.185590515275877777e-02
1.542776998597475413e-02
1.066666666666666631e-02
1.194624191139870631e-02
1.170960187353630062e-02
9.077155824508320939e-03
1.447245564892623779e-02
1.240458015267175557e-02
1.378676470588235253e-02
8.348794063079777172e-03
1.618277010947168082e-02
1.501937984496124097e-02
1.605288007554296625e-02
9.624197983501375092e-03
8.026440037771483127e-03
1.193207893529141771e-02
1.615969581749049366e-02
9.990009990009990001e-03
1.371876531112199878e-02
1.662817551963048646e-02
1.259559154295996318e-02
1.190476190476190410e-02
1.233439926907263506e-02
1.307189542483660170e-02
1.393258426966292179e-02
1.438515081206496495e-02
1.382488479262672897e-02
1.184706515885837301e-02
1.212415130940834064e-02
1.131333005410723076e-02
1.681818181818181893e-02
1.076233183856502296e-02
9.943181818181818024e-03
1.224105461393596925e-02
1.169064748201438866e-02
1.032379164711403133e-02
1.557489693082913379e-02
1.244614648157012921e-02
1.186131386861313808e-02
1.215121512151215097e-02
1.436515291936978599e-02
6.852444038373686243e-03
9.414225941422594418e-03
9.182736455463727868e-03
1.443202979515828717e-02
6.805807622504537156e-03
7.703418391911410514e-03
1.273885350318471402e-02
7.932804479701353190e-03
9.597806215722121115e-03
1.000476417341591290e-02
1.303718010622887530e-02
1.143641354071363303e-02
1.166018878400888401e-02
1.167489896722047511e-02
1.250578971746178769e-02
9.546539379474940773e-03
1.128880526810912589e-02
1.136880400181900820e-02
9.241245136186770556e-03
1.239275500476644427e-02
1.107521919704660893e-02
1.340996168582375518e-02
1.002386634844868764e-02
1.056499770326136886e-02
1.231400718317085703e-02
1.649106733852496662e-02
1.462264150943396249e-02
1.242521859180855878e-02
1.098398169336384407e-02
1.329665291150848236e-02
1.086443079829947991e-02
6.545114539504441435e-03
1.129177958446251143e-02
1.515892420537897321e-02
9.345794392523363789e-03
1.495327102803738380e-02
1.259328358208955216e-02
1.294065149486836250e-02
1.053113553113553189e-02
9.056244041944709611e-03
1.312705110173464570e-02
7.870370370370369587e-03
1.285046728971962586e-02
1.380846325167037897e-02
1.527070800555298431e-02
5.586592178770949900e-03
1.484674329501915746e-02
9.134615384615385122e-03
1.163831692032229158e-02
1.349464867380176757e-02
1.037437979251240421e-02
1.129177958446251143e-02
1.412429378531073441e-02
1.589464123524068906e-02
1.243666513127590981e-02
1.259328358208955216e-02
1.063829787234042527e-02
9.363295880149813052e-03
1.024390243902439067e-02
1.236830050389372410e-02
8.234217749313814394e-03
1.157098353360035657e-02
1.203744984395898297e-02
1.290322580645161289e-02
1.539897340177321522e-02
1.073619631901840538e-02
1.136901942207484660e-02
9.578544061302681281e-03
9.502262443438913228e-03
1.252319109461966576e-02
1.326623970722781362e-02
1.328021248339973474e-02
1.465721040189125329e-02
1.180521396950319664e-02
1.850972947318462250e-02
1.266395296246042475e-02
1.013357899585444477e-02
1.102941176470588307e-02
1.319981793354574502e-02
8.763388510223953792e-03
1.262272089761570792e-02
1.155268022181146076e-02
1.312591152163344703e-02
1.173814898419864479e-02
1.238095238095238138e-02
1.558809636277751556e-02
9.497964721845318994e-03
9.442870632672331968e-03
9.655172413793104008e-03
1.315789473684210453e-02
1.611459265890778994e-02
1.286173633440514455e-02
9.863785814936590346e-03
1.279707495429616149e-02
1.827801827801827858e-02
1.022780102278010236e-02
1.128349788434414649e-02
1.249375312343828023e-02
9.519038076152305447e-03
8.670520231213871970e-03
8.551068883610450644e-03
1.254064096609382173e-02
1.563218390804597610e-02
1.060539107379584664e-02
1.655306718597857746e-02
1.148369315571887844e-02
1.262967974740640542e-02
1.148277583624563239e-02
9.887005649717514957e-03
1.216089803554724035e-02
1.567542646380820637e-02
9.580291970802920151e-03
1.083521444695259572e-02
1.084394153701084308e-02
1.088570014844136499e-02
1.247113163972286311e-02
1.200000000000000025e-02
1.215668617739756874e-02
1.131733816206428184e-02
1.173708920187793367e-02
1.367924528301886836e-02
1.314596554850407974e-02
1.024208566108007409e-02
1.409774436090225486e-02
1.237396883593033965e-02
1.710213776722090129e-02
1.748807631160572210e-02
1.246404602109300180e-02
1.278409090909090988e-02
8.678881388621021917e-03
1.078293483356774531e-02
1.761706073249883972e-02
1.059220028887819000e-02
1.423825344091124781e-02
1.302931596091205270e-02
1.207983193277310970e-02
1.397298556124825300e-02
1.117838844899860309e-02
1.288541187298665458e-02
1.248127808287568564e-02
1.131541725601131580e-02
1.131541725601131580e-02
